Gene_set,Term,Overlap,P-value,Adjusted P-value,Odds Ratio,Combined Score,Genes
gs_ind_0,Complement and coagulation cascades,4/24,0.00013088398341685854,0.08219514158578715,19.94264996704021,178.31120692693113,CFD;PROS1;F2RL3;CR1L
gs_ind_0,tRNA Threonylcarbamoyladenosine Metabolic Process (GO:0070525),1/9,0.0955972140604911,0.45915822640817083,15.761061946902656,37.00085187025114,LAGE3
gs_ind_0,Regulation Of Cardiac Muscle Cell Membrane Repolarization (GO:0099623),1/9,0.0955972140604911,0.45915822640817083,15.761061946902656,37.00085187025114,SNTA1
gs_ind_0,Glycine Metabolic Process (GO:0006544),1/5,0.05428605974988243,0.45915822640817083,29.778761061946902,86.7600573962572,RIDA
gs_ind_0,RNA transport,6/151,0.006792507216686606,0.45915822640817083,4.073982389621785,20.33705590840612,RNU4-1;RNU4-2;RNU1-2;RNU6-1;RNU6-9;RNU1-1
gs_ind_0,Quinone Metabolic Process (GO:1901661),1/9,0.0955972140604911,0.45915822640817083,15.761061946902656,37.00085187025114,NQO2
gs_ind_0,Protein Localization To Presynapse (GO:1905383),1/5,0.05428605974988243,0.45915822640817083,29.778761061946902,86.7600573962572,MAP1A
gs_ind_0,Protein Localization To Plasma Membrane (GO:0072659),4/96,0.02211164525967106,0.45915822640817083,4.398685171658145,16.766252180818665,FCHO2;P2RY1;TTC7B;MRAP2
gs_ind_0,Protein Localization To Membrane (GO:0072657),4/137,0.0663466952207701,0.45915822640817083,3.039477679927118,8.245681454348958,FCHO2;P2RY1;TTC7B;MRAP2
gs_ind_0,Protein Localization To Cell Periphery (GO:1990778),4/102,0.02689203975079171,0.45915822640817083,4.129098641788997,14.930510825506888,FCHO2;P2RY1;TTC7B;MRAP2
gs_ind_0,"Positive Regulation Of Wnt Signaling Pathway, Planar Cell Polarity Pathway (GO:2000096)",1/3,0.03293240819037801,0.45915822640817083,53.60884955752213,182.98298190812352,PLEKHA4
gs_ind_0,Positive Regulation Of Vasoconstriction (GO:0045907),1/6,0.06478644312409185,0.45915822640817083,24.36283185840708,66.67276084304834,TBXA2R
gs_ind_0,High-Density Lipoprotein Particle Remodeling (GO:0034375),1/7,0.07517091762891905,0.45915822640817083,20.613342409802588,53.34714167816525,APOC1
gs_ind_0,Positive Regulation Of Transcription From RNA Polymerase II Promoter In Response To Stress (GO:0036003),2/15,0.011696037384743813,0.45915822640817083,16.632047477744806,73.98774935226385,MUC1;CEBPB
gs_ind_0,Positive Regulation Of Transcription From RNA Polymerase II Promoter In Response To Endoplasmic Reticulum Stress (GO:1990440),1/9,0.0955972140604911,0.45915822640817083,15.761061946902656,37.00085187025114,CEBPB
gs_ind_0,Positive Regulation Of Ras Protein Signal Transduction (GO:0046579),2/24,0.028807156654427204,0.45915822640817083,9.973293768545995,35.37658376473837,NTRK1;F2RL3
gs_ind_0,Positive Regulation Of Protein Localization To Cell Surface (GO:2000010),1/9,0.0955972140604911,0.45915822640817083,15.761061946902656,37.00085187025114,MAP1A
gs_ind_0,Positive Regulation Of Non-Canonical Wnt Signaling Pathway (GO:2000052),1/7,0.07517091762891905,0.45915822640817083,20.613342409802588,53.34714167816525,PLEKHA4
gs_ind_0,Glycerol Transmembrane Transport (GO:0015793),1/2,0.022076525292356635,0.45915822640817083,89.35398230088495,340.72821869208565,AQP3
gs_ind_0,Regulation Of Cell Adhesion Mediated By Integrin (GO:0033628),2/26,0.03343695958034462,0.45915822640817083,9.157936171501241,31.119522613468888,MUC1;PDE3B
gs_ind_0,Regulation Of Cell Development (GO:0060284),2/35,0.05739697885710906,0.45915822640817083,6.6936091058062805,19.12875252343103,GFI1B;HES6
gs_ind_0,Regulation Of Cell Killing (GO:0031341),1/7,0.07517091762891905,0.45915822640817083,20.613342409802588,53.34714167816525,CR1L
gs_ind_0,Regulation Of Lipoprotein Lipase Activity (GO:0051004),1/5,0.05428605974988243,0.45915822640817083,29.778761061946902,86.7600573962572,APOC1
gs_ind_0,Regulation Of Lipid Catabolic Process (GO:0050994),2/11,0.006307330659880254,0.45915822640817083,23.6412619084804,119.76764290676928,APOC1;PDE3B
gs_ind_0,Regulation Of Intrinsic Apoptotic Signaling Pathway In Response To DNA Damage By P53 Class Mediator (GO:1902165),2/12,0.007513879449841921,0.45915822640817083,21.38830012717253,104.61024811533707,MUC1;ZNF385A
gs_ind_0,Detection Of Light Stimulus Involved In Sensory Perception (GO:0050962),1/5,0.05428605974988243,0.45915822640817083,29.778761061946902,86.7600573962572,REEP6
gs_ind_0,Detection Of Light Stimulus Involved In Visual Perception (GO:0050908),1/5,0.05428605974988243,0.45915822640817083,29.778761061946902,86.7600573962572,REEP6
gs_ind_0,Detection Of Visible Light (GO:0009584),1/8,0.08544075524098275,0.45915822640817083,17.863716814159293,43.94352978012497,REEP6
gs_ind_0,Regulation Of Immune Effector Process (GO:0002697),1/6,0.06478644312409185,0.45915822640817083,24.36283185840708,66.67276084304834,CR1L
gs_ind_0,Regulation Of Humoral Immune Response (GO:0002920),1/8,0.08544075524098275,0.45915822640817083,17.863716814159293,43.94352978012497,CR1L
gs_ind_0,Regulation Of G1/S Transition Of Mitotic Cell Cycle (GO:2000045),3/83,0.06488468523587679,0.45915822640817083,3.910837118754056,10.696701342488604,CDKN2C;GFI1B;ACVR1
gs_ind_0,Estrogen Response Early,4/133,0.06083774726718063,0.45915822640817083,3.13419597203381,8.77432215931099,MUC1;AQP3;KRT18;KRT8
gs_ind_0,Regulation Of DNA-templated Transcription Initiation (GO:2000142),1/7,0.07517091762891905,0.45915822640817083,20.613342409802588,53.34714167816525,MITF
gs_ind_0,Regulation Of DNA-templated Transcription In Response To Stress (GO:0043620),1/5,0.05428605974988243,0.45915822640817083,29.778761061946902,86.7600573962572,MUC1
gs_ind_0,"Regulation Of DNA Damage Response, Signal Transduction By P53 Class Mediator Resulting In Transcription Of P21 Class Mediator (GO:1902162)",1/4,0.043668481501135906,0.45915822640817083,38.289506953223764,119.88937352580419,ZNF385A
gs_ind_0,Negative Regulation Of Intrinsic Apoptotic Signaling Pathway By P53 Class Mediator (GO:1902254),2/15,0.011696037384743813,0.45915822640817083,16.632047477744806,73.98774935226385,MUC1;ZNF385A
gs_ind_0,"Regulation Of Complement Activation, Classical Pathway (GO:0030450)",1/5,0.05428605974988243,0.45915822640817083,29.778761061946902,86.7600573962572,CR1L
gs_ind_0,Regulation Of Complement Activation (GO:0030449),1/7,0.07517091762891905,0.45915822640817083,20.613342409802588,53.34714167816525,CR1L
gs_ind_0,Fluid Transport (GO:0042044),1/6,0.06478644312409185,0.45915822640817083,24.36283185840708,66.67276084304834,AQP3
gs_ind_0,Positive Regulation Of G Protein-Coupled Receptor Signaling Pathway (GO:0045745),1/9,0.0955972140604911,0.45915822640817083,15.761061946902656,37.00085187025114,MRAP2
gs_ind_0,Positive Regulation Of Fat Cell Differentiation (GO:0045600),2/37,0.06333775974715025,0.45915822640817083,6.315668491662139,17.426657380789198,ZNF385A;CEBPB
gs_ind_0,Positive Regulation Of Epidermis Development (GO:0045684),1/4,0.043668481501135906,0.45915822640817083,38.289506953223764,119.88937352580419,ELAPOR2
gs_ind_0,Positive Regulation Of Cardiac Muscle Tissue Growth (GO:0055023),1/8,0.08544075524098275,0.45915822640817083,17.863716814159293,43.94352978012497,ZFPM2
gs_ind_0,Nerve Growth Factor Signaling Pathway (GO:0038180),1/4,0.043668481501135906,0.45915822640817083,38.289506953223764,119.88937352580419,NTRK1
gs_ind_0,Negative Regulation Of cAMP-mediated Signaling (GO:0043951),1/4,0.043668481501135906,0.45915822640817083,38.289506953223764,119.88937352580419,PDE3B
gs_ind_0,Negative Regulation Of Transcription By Competitive Promoter Binding (GO:0010944),1/9,0.0955972140604911,0.45915822640817083,15.761061946902656,37.00085187025114,MUC1
gs_ind_0,Negative Regulation Of Cell Adhesion (GO:0007162),2/47,0.09577982111380634,0.45915822640817083,4.924348648384257,11.551060637252686,MUC1;PDE3B
gs_ind_0,Negative Regulation Of Cell Adhesion Mediated By Integrin (GO:0033629),2/6,0.0017841428788354927,0.45915822640817083,49.925816023738875,315.97136112801223,MUC1;PDE3B
gs_ind_0,Negative Regulation Of Nuclear Division (GO:0051784),1/6,0.06478644312409185,0.45915822640817083,24.36283185840708,66.67276084304834,TOM1L1
gs_ind_0,Negative Regulation Of Mitotic Nuclear Division (GO:0045839),1/5,0.05428605974988243,0.45915822640817083,29.778761061946902,86.7600573962572,TOM1L1
gs_ind_0,Negative Regulation Of Microtubule Polymerization (GO:0031115),1/7,0.07517091762891905,0.45915822640817083,20.613342409802588,53.34714167816525,TUBB4A
gs_ind_0,Negative Regulation Of Lipoprotein Lipase Activity (GO:0051005),1/2,0.022076525292356635,0.45915822640817083,89.35398230088495,340.72821869208565,APOC1
gs_ind_0,Negative Regulation Of Lipid Metabolic Process (GO:0045833),2/10,0.005198294449368789,0.45915822640817083,26.42433234421365,138.9767861514274,APOC1;PDE3B
gs_ind_0,Negative Regulation Of Cholesterol Transport (GO:0032375),1/4,0.043668481501135906,0.45915822640817083,38.289506953223764,119.88937352580419,APOC1
gs_ind_0,Negative Regulation Of Complement Activation (GO:0045916),1/8,0.08544075524098275,0.45915822640817083,17.863716814159293,43.94352978012497,CR1L
gs_ind_0,"Negative Regulation Of Complement Activation, Classical Pathway (GO:0045959)",1/5,0.05428605974988243,0.45915822640817083,29.778761061946902,86.7600573962572,CR1L
gs_ind_0,Negative Regulation Of Lipid Catabolic Process (GO:0050995),2/10,0.005198294449368789,0.45915822640817083,26.42433234421365,138.9767861514274,APOC1;PDE3B
gs_ind_0,Negative Regulation Of Lipase Activity (GO:0060192),1/4,0.043668481501135906,0.45915822640817083,38.289506953223764,119.88937352580419,APOC1
gs_ind_0,Negative Regulation Of Intrinsic Apoptotic Signaling Pathway In Response To DNA Damage By P53 Class Mediator (GO:1902166),2/11,0.006307330659880254,0.45915822640817083,23.6412619084804,119.76764290676928,MUC1;ZNF385A
gs_ind_0,Negative Regulation Of Intrinsic Apoptotic Signaling Pathway In Response To DNA Damage (GO:1902230),2/22,0.024460354906095695,0.45915822640817083,10.947745530867772,40.62381728667339,MUC1;ZNF385A
gs_ind_0,Neuroactive ligand-receptor interaction,3/96,0.09113966856103597,0.45915822640817083,3.364179104477612,8.058427224544024,P2RY1;TBXA2R;F2RL3
gs_ind_0,Myeloid Cell Differentiation (GO:0030099),2/41,0.07580024115087652,0.45915822640817083,5.6746046651391655,14.638515515893484,KLF1;CEBPB
gs_ind_0,Myeloid Cell Development (GO:0061515),2/18,0.016676145830089688,0.45915822640817083,13.6053412462908,55.69721911340983,ZNF385A;CEBPB
gs_ind_0,Neuroepithelial Cell Differentiation (GO:0060563),1/4,0.043668481501135906,0.45915822640817083,38.289506953223764,119.88937352580419,MAP1B
gs_ind_0,Positive Regulation Of Cardiac Muscle Cell Proliferation (GO:0060045),1/6,0.06478644312409185,0.45915822640817083,24.36283185840708,66.67276084304834,ZFPM2
gs_ind_0,Positive Regulation Of Blood Pressure (GO:0045777),1/3,0.03293240819037801,0.45915822640817083,53.60884955752213,182.98298190812352,TBXA2R
gs_ind_0,Platelet activation,3/83,0.06488468523587679,0.45915822640817083,3.910837118754056,10.696701342488604,P2RY1;TBXA2R;F2RL3
gs_ind_0,Phospholipid Transport (GO:0015914),2/39,0.06947601296099314,0.45915822640817083,5.978041543026706,15.942084103361937,APOC1;PRELID2
gs_ind_0,Phospholipid Homeostasis (GO:0055091),1/6,0.06478644312409185,0.45915822640817083,24.36283185840708,66.67276084304834,TLCD1
gs_ind_0,Megakaryocyte Development (GO:0035855),1/5,0.05428605974988243,0.45915822640817083,29.778761061946902,86.7600573962572,ZNF385A
gs_ind_0,Melanocyte Differentiation (GO:0030318),1/6,0.06478644312409185,0.45915822640817083,24.36283185840708,66.67276084304834,MITF
gs_ind_0,Phospholipid Efflux (GO:0033700),1/3,0.03293240819037801,0.45915822640817083,53.60884955752213,182.98298190812352,APOC1
gs_ind_0,"DNA Damage Response, Signal Transduction Resulting In Transcription (GO:0042772)",1/8,0.08544075524098275,0.45915822640817083,17.863716814159293,43.94352978012497,MUC1
gs_ind_0,Phospholipase C-activating G Protein-Coupled Receptor Signaling Pathway (GO:0007200),2/25,0.031087598333495413,0.45915822640817083,9.548266936043943,33.141521857405884,P2RY1;F2RL3
gs_ind_0,Membrane Invagination (GO:0010324),1/6,0.06478644312409185,0.45915822640817083,24.36283185840708,66.67276084304834,FCHO2
gs_ind_0,Peptidyl-Tyrosine Autophosphorylation (GO:0038083),1/9,0.0955972140604911,0.45915822640817083,15.761061946902656,37.00085187025114,NTRK1
gs_ind_0,Organophosphate Catabolic Process (GO:0046434),1/7,0.07517091762891905,0.45915822640817083,20.613342409802588,53.34714167816525,PLBD1
gs_ind_0,Neurotrophin TRK Receptor Signaling Pathway (GO:0048011),1/6,0.06478644312409185,0.45915822640817083,24.36283185840708,66.67276084304834,NTRK1
gs_ind_0,Neurotrophin Signaling Pathway (GO:0038179),1/9,0.0955972140604911,0.45915822640817083,15.761061946902656,37.00085187025114,NTRK1
gs_ind_0,Monoatomic Cation Homeostasis (GO:0055080),2/47,0.09577982111380634,0.45915822640817083,4.924348648384257,11.551060637252686,TESMIN;CIB2
gs_ind_0,Neuron Projection Maintenance (GO:1990535),1/7,0.07517091762891905,0.45915822640817083,20.613342409802588,53.34714167816525,MAP1A
gs_ind_0,Multicellular Organismal-Level Water Homeostasis (GO:0050891),1/6,0.06478644312409185,0.45915822640817083,24.36283185840708,66.67276084304834,AQP3
gs_ind_0,Membrane Biogenesis (GO:0044091),1/5,0.05428605974988243,0.45915822640817083,29.778761061946902,86.7600573962572,TLCD1
gs_ind_0,"DNA Damage Response, Signal Transduction By P53 Class Mediator Resulting In Transcription Of P21 Class Mediator (GO:0006978)",1/7,0.07517091762891905,0.45915822640817083,20.613342409802588,53.34714167816525,MUC1
gs_ind_0,Regulation Of Complement-Dependent Cytotoxicity (GO:1903659),1/7,0.07517091762891905,0.45915822640817083,20.613342409802588,53.34714167816525,CR1L
gs_ind_0,Regulation Of Macromolecule Biosynthetic Process (GO:0010556),2/45,0.08896265144837492,0.45915822640817083,5.151437634298578,12.464102428206203,TOM1L1;MITF
gs_ind_0,"Regulation Of Wnt Signaling Pathway, Planar Cell Polarity Pathway (GO:2000095)",1/5,0.05428605974988243,0.45915822640817083,29.778761061946902,86.7600573962572,PLEKHA4
gs_ind_0,Regulation Of cAMP-mediated Signaling (GO:0043949),1/8,0.08544075524098275,0.45915822640817083,17.863716814159293,43.94352978012497,PDE3B
gs_ind_0,Renal Water Homeostasis (GO:0003091),1/5,0.05428605974988243,0.45915822640817083,29.778761061946902,86.7600573962572,AQP3
gs_ind_0,Response To ATP (GO:0033198),2/13,0.008815665494003389,0.45915822640817083,19.52715778609212,92.3873765175064,P2RY1;CIB2
gs_ind_0,Cellular Response To ATP (GO:0071318),1/7,0.07517091762891905,0.45915822640817083,20.613342409802588,53.34714167816525,P2RY1
gs_ind_0,Response To Metal Ion (GO:0010038),3/46,0.014383069279628255,0.45915822640817083,7.255069480185281,30.773853669240303,AQP3;TESMIN;MT1X
gs_ind_0,Response To Nerve Growth Factor (GO:1990089),1/9,0.0955972140604911,0.45915822640817083,15.761061946902656,37.00085187025114,NTRK1
gs_ind_0,Response To Thyroid Hormone (GO:0097066),1/9,0.0955972140604911,0.45915822640817083,15.761061946902656,37.00085187025114,LMO2
gs_ind_0,Response To Vitamin (GO:0033273),1/6,0.06478644312409185,0.45915822640817083,24.36283185840708,66.67276084304834,AQP3
gs_ind_0,Response To Vitamin D (GO:0033280),1/6,0.06478644312409185,0.45915822640817083,24.36283185840708,66.67276084304834,AQP3
gs_ind_0,Axo-Dendritic Protein Transport (GO:0099640),1/5,0.05428605974988243,0.45915822640817083,29.778761061946902,86.7600573962572,MAP1A
gs_ind_0,Autonomic Nervous System Development (GO:0048483),1/9,0.0955972140604911,0.45915822640817083,15.761061946902656,37.00085187025114,NTRK1
gs_ind_0,Spliceosome,6/135,0.003958893903724838,0.45915822640817083,4.582213563976482,25.34784596609728,RNU4-1;RNU4-2;RNU1-2;RNU6-1;RNU6-9;RNU1-1
gs_ind_0,Regulation Of Ventricular Cardiac Muscle Cell Membrane Repolarization (GO:0060307),1/8,0.08544075524098275,0.45915822640817083,17.863716814159293,43.94352978012497,SNTA1
gs_ind_0,Anterograde Axonal Protein Transport (GO:0099641),1/5,0.05428605974988243,0.45915822640817083,29.778761061946902,86.7600573962572,MAP1A
gs_ind_0,Steroid Hormone Biosynthetic Process (GO:0120178),1/8,0.08544075524098275,0.45915822640817083,17.863716814159293,43.94352978012497,SRD5A3
gs_ind_0,Androgen Biosynthetic Process (GO:0006702),1/4,0.043668481501135906,0.45915822640817083,38.289506953223764,119.88937352580419,SRD5A3
gs_ind_0,Ammonium Transmembrane Transport (GO:0072488),1/7,0.07517091762891905,0.45915822640817083,20.613342409802588,53.34714167816525,RHCE
gs_ind_0,Ammonium Homeostasis (GO:0097272),1/3,0.03293240819037801,0.45915822640817083,53.60884955752213,182.98298190812352,RHCE
gs_ind_0,Sympathetic Nervous System Development (GO:0048485),1/7,0.07517091762891905,0.45915822640817083,20.613342409802588,53.34714167816525,NTRK1
gs_ind_0,Alcohol Catabolic Process (GO:0046164),1/4,0.043668481501135906,0.45915822640817083,38.289506953223764,119.88937352580419,SRD5A3
gs_ind_0,Transcriptional misregulation in cancer,5/128,0.014071584672985709,0.45915822640817083,4.0426752449331556,17.236341225468532,NTRK1;CEBPB;CDKN2C;MITF;LMO2
gs_ind_0,Acute-Phase Response (GO:0006953),1/5,0.05428605974988243,0.45915822640817083,29.778761061946902,86.7600573962572,CEBPB
gs_ind_0,Ventricular Cardiac Muscle Cell Action Potential (GO:0086005),1/9,0.0955972140604911,0.45915822640817083,15.761061946902656,37.00085187025114,SNTA1
gs_ind_0,Very-Low-Density Lipoprotein Particle Assembly (GO:0034379),1/6,0.06478644312409185,0.45915822640817083,24.36283185840708,66.67276084304834,APOC1
gs_ind_0,Actin Filament Reorganization (GO:0090527),1/5,0.05428605974988243,0.45915822640817083,29.778761061946902,86.7600573962572,CASS4
gs_ind_0,Water Transport (GO:0006833),1/4,0.043668481501135906,0.45915822640817083,38.289506953223764,119.88937352580419,AQP3
gs_ind_0,heme Metabolism,6/159,0.008660148639681259,0.45915822640817083,3.859598229755552,18.32932227922236,RHCE;AQP3;KLF1;PC;LMO2;XK
gs_ind_0,Staphylococcus aureus infection,2/16,0.013270260265218518,0.45915822640817083,15.483986493400185,66.92534811983002,KRT18;CFD
gs_ind_0,Regulation Of Supramolecular Fiber Organization (GO:1902903),2/18,0.016676145830089688,0.45915822640817083,13.6053412462908,55.69721911340983,MAP1B;MAP1A
gs_ind_0,Negative Regulation Of Humoral Immune Response Mediated By Circulating Immunoglobulin (GO:0002924),1/6,0.06478644312409185,0.45915822640817083,24.36283185840708,66.67276084304834,CR1L
gs_ind_0,Regulation Of Nervous System Development (GO:0051960),2/29,0.0408808001039298,0.45915822640817083,8.15727002967359,26.079565278087546,ELAPOR2;HES6
gs_ind_0,Regulation Of Peptidyl-Cysteine S-nitrosylation (GO:2000169),1/4,0.043668481501135906,0.45915822640817083,38.289506953223764,119.88937352580419,SNTA1
gs_ind_0,Cellular Response To Purine-Containing Compound (GO:0071415),1/3,0.03293240819037801,0.45915822640817083,53.60884955752213,182.98298190812352,P2RY1
gs_ind_0,Regulation Of RNA Biosynthetic Process (GO:2001141),1/5,0.05428605974988243,0.45915822640817083,29.778761061946902,86.7600573962572,MITF
gs_ind_0,Citrate cycle (TCA cycle),2/29,0.0408808001039298,0.45915822640817083,8.15727002967359,26.079565278087546,PC;ACO1
gs_ind_0,Regulation Of Protein Depolymerization (GO:1901879),1/4,0.043668481501135906,0.45915822640817083,38.289506953223764,119.88937352580419,MAP1B
gs_ind_0,Cellular Response To Zinc Ion (GO:0071294),1/8,0.08544075524098275,0.45915822640817083,17.863716814159293,43.94352978012497,MT1X
gs_ind_0,Regulation Of Response To Wounding (GO:1903034),1/6,0.06478644312409185,0.45915822640817083,24.36283185840708,66.67276084304834,TNFRSF12A
gs_ind_0,Coagulation,4/59,0.004148049516732612,0.45915822640817083,7.349159970781592,40.31100266765932,P2RY1;PROS1;APOC1;CFD
gs_ind_0,Regulation Of Myeloid Leukocyte Differentiation (GO:0002761),1/7,0.07517091762891905,0.45915822640817083,20.613342409802588,53.34714167816525,CEBPB
gs_ind_0,Regulation Of Microtubule Depolymerization (GO:0031114),2/20,0.020411521005603582,0.45915822640817083,12.132889566123987,47.21702983685709,MAP1B;MAP1A
gs_ind_0,Coronavirus disease,4/155,0.09418373446985574,0.45915822640817083,2.6751404870216753,6.32004021981715,RPL17-C18orf32;RPS10-NUDT3;RPL36A-HNRNPH2;CFD
gs_ind_0,Regulation Of Microtubule Polymerization Or Depolymerization (GO:0031110),2/22,0.024460354906095695,0.45915822640817083,10.947745530867772,40.62381728667339,MAP1B;MAP1A
gs_ind_0,Cellular Response To Thyroid Hormone Stimulus (GO:0097067),1/9,0.0955972140604911,0.45915822640817083,15.761061946902656,37.00085187025114,LMO2
gs_ind_0,Negative Regulation Of Fatty Acid Metabolic Process (GO:0045922),1/12,0.12539869376846333,0.4596158796782116,11.647171989226626,24.182523157354275,APOC1
gs_ind_0,Megakaryocyte Differentiation (GO:0030219),1/10,0.10564153846172689,0.4596158796782116,14.101071262226363,31.69502904056399,ZNF385A
gs_ind_0,Regulation Of Epidermal Cell Differentiation (GO:0045604),1/11,0.11557495924191152,0.4596158796782116,12.757269279393173,27.528094424966344,AQP3
gs_ind_0,Phosphatidylcholine Biosynthetic Process (GO:0006656),1/12,0.12539869376846333,0.4596158796782116,11.647171989226626,24.182523157354275,MUC1
gs_ind_0,Negative Regulation Of Fatty Acid Biosynthetic Process (GO:0045717),1/11,0.11557495924191152,0.4596158796782116,12.757269279393173,27.528094424966344,APOC1
gs_ind_0,Regulation Of Epithelial Cell Differentiation (GO:0030856),1/11,0.11557495924191152,0.4596158796782116,12.757269279393173,27.528094424966344,CEBPB
gs_ind_0,Associative Learning (GO:0008306),1/11,0.11557495924191152,0.4596158796782116,12.757269279393173,27.528094424966344,MAP1A
gs_ind_0,Outflow Tract Septum Morphogenesis (GO:0003148),1/12,0.12539869376846333,0.4596158796782116,11.647171989226626,24.182523157354275,ZFPM2
gs_ind_0,Oligosaccharide-Lipid Intermediate Biosynthetic Process (GO:0006490),1/12,0.12539869376846333,0.4596158796782116,11.647171989226626,24.182523157354275,SRD5A3
gs_ind_0,Retrograde Axonal Transport (GO:0008090),1/11,0.11557495924191152,0.4596158796782116,12.757269279393173,27.528094424966344,MAP1A
gs_ind_0,Neuron Projection Organization (GO:0106027),1/12,0.12539869376846333,0.4596158796782116,11.647171989226626,24.182523157354275,MAP1A
gs_ind_0,Negative Regulation Of Cell Migration Involved In Sprouting Angiogenesis (GO:0090051),1/10,0.10564153846172689,0.4596158796782116,14.101071262226363,31.69502904056399,TBXA2R
gs_ind_0,Negative Regulation Of DNA Replication (GO:0008156),1/11,0.11557495924191152,0.4596158796782116,12.757269279393173,27.528094424966344,S100A11
gs_ind_0,Energy Reserve Metabolic Process (GO:0006112),1/10,0.10564153846172689,0.4596158796782116,14.101071262226363,31.69502904056399,MRAP2
gs_ind_0,Regulation Of Hemopoiesis (GO:1903706),1/11,0.11557495924191152,0.4596158796782116,12.757269279393173,27.528094424966344,GFI1B
gs_ind_0,Clathrin Coat Assembly (GO:0048268),1/12,0.12539869376846333,0.4596158796782116,11.647171989226626,24.182523157354275,FCHO2
gs_ind_0,Negative Regulation Of Viral Transcription (GO:0032897),1/12,0.12539869376846333,0.4596158796782116,11.647171989226626,24.182523157354275,IFITM3
gs_ind_0,Negative Regulation Of Viral Life Cycle (GO:1903901),1/12,0.12539869376846333,0.4596158796782116,11.647171989226626,24.182523157354275,IFITM3
gs_ind_0,Negative Regulation Of Viral Entry Into Host Cell (GO:0046597),1/11,0.11557495924191152,0.4596158796782116,12.757269279393173,27.528094424966344,IFITM3
gs_ind_0,Negative Regulation Of Catabolic Process (GO:0009895),2/48,0.09924298584980155,0.4596158796782116,4.8181296065856225,11.130766088230263,APOC1;PDE3B
gs_ind_0,Adipogenesis,4/162,0.10629050754806907,0.4596158796782116,2.5558018586409754,5.729032531832786,ARL4A;CMBL;CDKN2C;REEP6
gs_ind_0,Acute Inflammatory Response (GO:0002526),1/10,0.10564153846172689,0.4596158796782116,14.101071262226363,31.69502904056399,CEBPB
gs_ind_0,T Cell Mediated Immunity (GO:0002456),1/12,0.12539869376846333,0.4596158796782116,11.647171989226626,24.182523157354275,CR1L
gs_ind_0,Regulation Of Fat Cell Differentiation (GO:0045598),2/52,0.11343155322377933,0.4596158796782116,4.43532038663807,9.653721776913613,ZNF385A;CEBPB
gs_ind_0,Lymphocyte Mediated Immunity (GO:0002449),1/10,0.10564153846172689,0.4596158796782116,14.101071262226363,31.69502904056399,CR1L
gs_ind_0,Regulation Of Cardiac Muscle Cell Proliferation (GO:0060043),1/11,0.11557495924191152,0.4596158796782116,12.757269279393173,27.528094424966344,ZFPM2
gs_ind_0,Positive Regulation Of Small GTPase Mediated Signal Transduction (GO:0051057),1/10,0.10564153846172689,0.4596158796782116,14.101071262226363,31.69502904056399,NTRK1
gs_ind_0,Regulation Of Smooth Muscle Cell Migration (GO:0014910),1/12,0.12539869376846333,0.4596158796782116,11.647171989226626,24.182523157354275,S100A11
gs_ind_0,Regulation Of Transcription From RNA Polymerase II Promoter In Response To Stress (GO:0043618),1/12,0.12539869376846333,0.4596158796782116,11.647171989226626,24.182523157354275,MUC1
gs_ind_0,Cellular Response To Nerve Growth Factor Stimulus (GO:1990090),1/10,0.10564153846172689,0.4596158796782116,14.101071262226363,31.69502904056399,NTRK1
gs_ind_0,Cellular Response To Copper Ion (GO:0071280),1/12,0.12539869376846333,0.4596158796782116,11.647171989226626,24.182523157354275,MT1X
gs_ind_0,Positive Regulation Of Smooth Muscle Cell Migration (GO:0014911),1/12,0.12539869376846333,0.4596158796782116,11.647171989226626,24.182523157354275,S100A11
gs_ind_0,Positive Regulation Of Rho Protein Signal Transduction (GO:0035025),1/12,0.12539869376846333,0.4596158796782116,11.647171989226626,24.182523157354275,F2RL3
gs_ind_0,Positive Regulation Of Protein Phosphorylation (GO:0001934),5/238,0.12588205621759935,0.4596158796782116,2.1225473388667138,4.3987880592264625,NTRK1;P2RY1;ACVR1;TOM1L1;FAXDC2
gs_ind_0,Positive Regulation Of Interleukin-4 Production (GO:0032753),1/11,0.11557495924191152,0.4596158796782116,12.757269279393173,27.528094424966344,CEBPB
gs_ind_0,Positive Regulation Of Histone Acetylation (GO:0035066),1/11,0.11557495924191152,0.4596158796782116,12.757269279393173,27.528094424966344,MUC1
gs_ind_0,Cholesterol Efflux (GO:0033344),1/12,0.12539869376846333,0.4596158796782116,11.647171989226626,24.182523157354275,APOC1
gs_ind_0,Positive Regulation Of Cytosolic Calcium Ion Concentration Involved In Phospholipase C-activating G Protein-Coupled Signaling Pathway (GO:0051482),1/10,0.10564153846172689,0.4596158796782116,14.101071262226363,31.69502904056399,F2RL3
gs_ind_0,Intracellular Monoatomic Ion Homeostasis (GO:0006873),1/11,0.11557495924191152,0.4596158796782116,12.757269279393173,27.528094424966344,TESMIN
gs_ind_0,Cell Morphogenesis Involved In Neuron Differentiation (GO:0048667),2/54,0.1207112916289255,0.4596158796782116,4.265790589232726,9.019389706517414,MAP1B;MAP1A
gs_ind_0,Cardiac Right Ventricle Morphogenesis (GO:0003215),1/10,0.10564153846172689,0.4596158796782116,14.101071262226363,31.69502904056399,ZFPM2
gs_ind_0,Negative Regulation Of Protein Modification Process (GO:0031400),2/56,0.12810291115348144,0.46502097227968986,4.108703345765388,8.44306220427619,BEX4;SNTA1
gs_ind_0,Dolichol Metabolic Process (GO:0019348),1/13,0.1351139461246683,0.4687931390402856,10.714690265486725,21.446918455809268,SRD5A3
gs_ind_0,Arginine biosynthesis,1/13,0.1351139461246683,0.4687931390402856,10.714690265486725,21.446918455809268,ABHD14A-ACY1
gs_ind_0,Negative Regulation Of Nervous System Development (GO:0051961),1/13,0.1351139461246683,0.4687931390402856,10.714690265486725,21.446918455809268,ELAPOR2
gs_ind_0,Regulation Of Cellular Biosynthetic Process (GO:0031326),2/57,0.13183803568943495,0.4687931390402856,4.034405325206512,8.174435868619206,TOM1L1;MITF
gs_ind_0,Negative Regulation Of Phosphate Metabolic Process (GO:0045936),1/13,0.1351139461246683,0.4687931390402856,10.714690265486725,21.446918455809268,CDKN2C
gs_ind_0,Positive Regulation Of Immune System Process (GO:0002684),1/13,0.1351139461246683,0.4687931390402856,10.714690265486725,21.446918455809268,AQP3
gs_ind_0,"DNA Damage Response, Signal Transduction By P53 Class Mediator Resulting In Cell Cycle Arrest (GO:0006977)",1/13,0.1351139461246683,0.4687931390402856,10.714690265486725,21.446918455809268,MUC1
gs_ind_0,Response To Interferon-Alpha (GO:0035455),1/13,0.1351139461246683,0.4687931390402856,10.714690265486725,21.446918455809268,IFITM3
gs_ind_0,Positive Regulation Of BMP Signaling Pathway (GO:0030513),1/14,0.1447219072537807,0.4758395693998654,9.920353982300885,19.175461516856004,ELAPOR2
gs_ind_0,Dolichol-Linked Oligosaccharide Biosynthetic Process (GO:0006488),1/14,0.1447219072537807,0.4758395693998654,9.920353982300885,19.175461516856004,SRD5A3
gs_ind_0,Regulation Of Interleukin-4 Production (GO:0032673),1/14,0.1447219072537807,0.4758395693998654,9.920353982300885,19.175461516856004,CEBPB
gs_ind_0,Regulation Of Vasoconstriction (GO:0019229),1/14,0.1447219072537807,0.4758395693998654,9.920353982300885,19.175461516856004,TBXA2R
gs_ind_0,Cellular Response To Organonitrogen Compound (GO:0071417),2/59,0.13938180516975215,0.4758395693998654,3.893562121016643,7.6724133281733335,P2RY1;CIB2
gs_ind_0,Response To Copper Ion (GO:0046688),1/14,0.1447219072537807,0.4758395693998654,9.920353982300885,19.175461516856004,MT1X
gs_ind_0,Cardiac Muscle Cell Action Potential Involved In Contraction (GO:0086002),1/14,0.1447219072537807,0.4758395693998654,9.920353982300885,19.175461516856004,SNTA1
gs_ind_0,Cholesterol Homeostasis,2/59,0.13938180516975215,0.4758395693998654,3.893562121016643,7.6724133281733335,S100A11;TNFRSF12A
gs_ind_0,Response To Zinc Ion (GO:0010043),1/14,0.1447219072537807,0.4758395693998654,9.920353982300885,19.175461516856004,MT1X
gs_ind_0,"Positive Regulation Of DNA Damage Response, Signal Transduction By P53 Class Mediator (GO:0043517)",1/14,0.1447219072537807,0.4758395693998654,9.920353982300885,19.175461516856004,ZNF385A
gs_ind_0,Complement,3/119,0.14619546669746356,0.4781810056562871,2.695881109474089,5.183669150220105,ZFPM2;APOC1;CEBPB
gs_ind_0,Negative Regulation Of Protein Localization To Cell Periphery (GO:1904376),1/15,0.154223755101569,0.4794679118999274,9.235581324382057,17.264541114451276,MRAP2
gs_ind_0,Adaptive Immune Response Based On Somatic Recombination Of Immune Receptors Built From Immunoglobulin Superfamily Domains (GO:0002460),1/15,0.154223755101569,0.4794679118999274,9.235581324382057,17.264541114451276,CR1L
gs_ind_0,Cellular Lipid Catabolic Process (GO:0044242),1/15,0.154223755101569,0.4794679118999274,9.235581324382057,17.264541114451276,PLBD1
gs_ind_0,Regulation Of Cholesterol Transport (GO:0032374),1/15,0.154223755101569,0.4794679118999274,9.235581324382057,17.264541114451276,APOC1
gs_ind_0,Regulation Of Viral Transcription (GO:0046782),1/15,0.154223755101569,0.4794679118999274,9.235581324382057,17.264541114451276,IFITM3
gs_ind_0,Negative Regulation Of G Protein-Coupled Receptor Signaling Pathway (GO:0045744),1/15,0.154223755101569,0.4794679118999274,9.235581324382057,17.264541114451276,MRAP2
gs_ind_0,Calcium signaling pathway,3/121,0.15141520993727658,0.4794679118999274,2.6500283393160777,5.002536621844715,NTRK1;TBXA2R;PLCD3
gs_ind_0,Regulation Of Megakaryocyte Differentiation (GO:0045652),1/15,0.154223755101569,0.4794679118999274,9.235581324382057,17.264541114451276,FAXDC2
gs_ind_0,Xenobiotic Metabolism,3/120,0.14879782640864675,0.4794679118999274,2.672759606224198,5.092052770363989,PROS1;PC;HES6
gs_ind_0,Negative Regulation Of Lipid Biosynthetic Process (GO:0051055),1/15,0.154223755101569,0.4794679118999274,9.235581324382057,17.264541114451276,APOC1
gs_ind_0,RNA Destabilization (GO:0050779),1/16,0.16362065475732582,0.4869846975715669,8.639166428775335,15.638658906376744,RIDA
gs_ind_0,Pancreas Beta Cells,1/16,0.16362065475732582,0.4869846975715669,8.639166428775335,15.638658906376744,LMO2
gs_ind_0,Negative Regulation Of Protein Localization To Plasma Membrane (GO:1903077),1/16,0.16362065475732582,0.4869846975715669,8.639166428775335,15.638658906376744,MRAP2
gs_ind_0,Positive Regulation Of Cold-Induced Thermogenesis (GO:0120162),2/65,0.16253144710393036,0.4869846975715669,3.524264585621159,6.403179145463521,MUC1;CEBPB
gs_ind_0,Response To Purine-Containing Compound (GO:0014074),1/16,0.16362065475732582,0.4869846975715669,8.639166428775335,15.638658906376744,P2RY1
gs_ind_0,Axon Extension (GO:0048675),1/16,0.16362065475732582,0.4869846975715669,8.639166428775335,15.638658906376744,MAP1B
gs_ind_0,Positive Regulation Of Release Of Sequestered Calcium Ion Into Cytosol (GO:0051281),1/16,0.16362065475732582,0.4869846975715669,8.639166428775335,15.638658906376744,F2RL3
gs_ind_0,Axon Development (GO:0061564),2/64,0.15862462417787646,0.4869846975715669,3.5808902077151337,6.593187769024763,MAP1B;MAP1A
gs_ind_0,Enzyme-Linked Receptor Protein Signaling Pathway (GO:0007167),2/65,0.16253144710393036,0.4869846975715669,3.524264585621159,6.403179145463521,NTRK1;CASS4
gs_ind_0,Cellular Response To Salt (GO:1902075),2/66,0.16645560541997173,0.4930854726591616,3.469394796770409,6.220717292612235,P2RY1;CIB2
gs_ind_0,Steroid hormone biosynthesis,1/17,0.17291375859335545,0.4981185339294827,8.11504424778761,14.24159683147305,SRD5A3
gs_ind_0,Positive Regulation Of Protein Autophosphorylation (GO:0031954),1/17,0.17291375859335545,0.4981185339294827,8.11504424778761,14.24159683147305,TOM1L1
gs_ind_0,Ribosome,3/128,0.17013376991832593,0.4981185339294827,2.501052506392341,4.429789841752057,RPL17-C18orf32;RPS10-NUDT3;RPL36A-HNRNPH2
gs_ind_0,Type I Interferon-Mediated Signaling Pathway (GO:0060337),1/17,0.17291375859335545,0.4981185339294827,8.11504424778761,14.24159683147305,IFITM3
gs_ind_0,Response To Cadmium Ion (GO:0046686),1/17,0.17291375859335545,0.4981185339294827,8.11504424778761,14.24159683147305,MT1X
gs_ind_0,Phospholipid Catabolic Process (GO:0009395),1/17,0.17291375859335545,0.4981185339294827,8.11504424778761,14.24159683147305,PLBD1
gs_ind_0,Positive Regulation Of Metabolic Process (GO:0009893),2/68,0.17435250944830705,0.49996975312117276,3.364605876709578,5.876876713832157,MUC1;CEBPB
gs_ind_0,Cellular Response To Amyloid-Beta (GO:1904646),1/18,0.18210420640295932,0.5015852702678003,7.650821744627055,13.030697453124898,NTRK1
gs_ind_0,Regulation Of Monoatomic Cation Transmembrane Transport (GO:1904062),1/18,0.18210420640295932,0.5015852702678003,7.650821744627055,13.030697453124898,SNTA1
gs_ind_0,Negative Regulation Of Protein Localization To Membrane (GO:1905476),1/18,0.18210420640295932,0.5015852702678003,7.650821744627055,13.030697453124898,MRAP2
gs_ind_0,Regulation Of Sodium Ion Transmembrane Transport (GO:1902305),1/18,0.18210420640295932,0.5015852702678003,7.650821744627055,13.030697453124898,SNTA1
gs_ind_0,Regulation Of Keratinocyte Differentiation (GO:0045616),1/18,0.18210420640295932,0.5015852702678003,7.650821744627055,13.030697453124898,AQP3
gs_ind_0,Response To Interferon-Beta (GO:0035456),1/18,0.18210420640295932,0.5015852702678003,7.650821744627055,13.030697453124898,IFITM3
gs_ind_0,Cellular Response To Type I Interferon (GO:0071357),1/18,0.18210420640295932,0.5015852702678003,7.650821744627055,13.030697453124898,IFITM3
gs_ind_0,Negative Regulation Of Protein Polymerization (GO:0032272),1/18,0.18210420640295932,0.5015852702678003,7.650821744627055,13.030697453124898,TUBB4A
gs_ind_0,Cellular Response To Cadmium Ion (GO:0071276),1/18,0.18210420640295932,0.5015852702678003,7.650821744627055,13.030697453124898,MT1X
gs_ind_0,Regulation Of Cell Migration Involved In Sprouting Angiogenesis (GO:0090049),1/19,0.1911931255369309,0.513116593321336,7.236785458024396,11.973053361980645,TBXA2R
gs_ind_0,Positive Regulation Of ERK1 And ERK2 Cascade (GO:0070374),2/72,0.19031765747305648,0.513116593321336,3.1728644485131636,5.263974780926024,P2RY1;NTRK1
gs_ind_0,Regulation Of Fatty Acid Biosynthetic Process (GO:0042304),1/19,0.1911931255369309,0.513116593321336,7.236785458024396,11.973053361980645,APOC1
gs_ind_0,Positive Regulation Of Peptidyl-Tyrosine Phosphorylation (GO:0050731),2/72,0.19031765747305648,0.513116593321336,3.1728644485131636,5.263974780926024,CASS4;ACVR1
gs_ind_0,Negative Regulation Of Lymphocyte Proliferation (GO:0050672),1/19,0.1911931255369309,0.513116593321336,7.236785458024396,11.973053361980645,CEBPB
gs_ind_0,Response To Amyloid-Beta (GO:1904645),1/19,0.1911931255369309,0.513116593321336,7.236785458024396,11.973053361980645,NTRK1
gs_ind_0,Regulation Of Biomineral Tissue Development (GO:0070167),1/20,0.20018163103857964,0.5238086012176166,6.865214431586113,11.042904532363739,CEBPB
gs_ind_0,Ventricular Cardiac Muscle Tissue Morphogenesis (GO:0055010),1/20,0.20018163103857964,0.5238086012176166,6.865214431586113,11.042904532363739,ZFPM2
gs_ind_0,Negative Regulation Of T Cell Proliferation (GO:0042130),1/20,0.20018163103857964,0.5238086012176166,6.865214431586113,11.042904532363739,CEBPB
gs_ind_0,IL-2/STAT5 Signaling,3/138,0.19793647253623808,0.5238086012176166,2.3149308806520903,3.749746211787564,IFITM3;MUC1;ARL4A
gs_ind_0,Positive Regulation Of Calcium Ion Transmembrane Transport (GO:1904427),1/20,0.20018163103857964,0.5238086012176166,6.865214431586113,11.042904532363739,F2RL3
gs_ind_0,Ventricular Septum Morphogenesis (GO:0060412),1/20,0.20018163103857964,0.5238086012176166,6.865214431586113,11.042904532363739,ZFPM2
gs_ind_0,Learning (GO:0007612),1/21,0.20907082577729832,0.5337255227160298,6.529894236995467,10.219821271550634,MAP1A
gs_ind_0,Phospholipid Biosynthetic Process (GO:0008654),1/21,0.20907082577729832,0.5337255227160298,6.529894236995467,10.219821271550634,SRD5A3
gs_ind_0,Triglyceride Metabolic Process (GO:0006641),1/21,0.20907082577729832,0.5337255227160298,6.529894236995467,10.219821271550634,APOC1
gs_ind_0,Negative Regulation Of Receptor-Mediated Endocytosis (GO:0048261),1/21,0.20907082577729832,0.5337255227160298,6.529894236995467,10.219821271550634,APOC1
gs_ind_0,Regulation Of Cytoplasmic Translation (GO:2000765),1/21,0.20907082577729832,0.5337255227160298,6.529894236995467,10.219821271550634,ZNF385A
gs_ind_0,Negative Regulation Of Blood Vessel Endothelial Cell Migration (GO:0043537),1/21,0.20907082577729832,0.5337255227160298,6.529894236995467,10.219821271550634,TBXA2R
gs_ind_0,Odontogenesis (GO:0042476),1/24,0.23515339426573464,0.5368984324880991,5.695160986631519,8.243843691223994,AQP3
gs_ind_0,Regulation Of Protein Autophosphorylation (GO:0031952),1/23,0.22655563436526355,0.5368984324880991,5.948672566371681,8.832379263763936,TOM1L1
gs_ind_0,Regulation Of Osteoclast Differentiation (GO:0045670),1/22,0.2178618005806889,0.5368984324880991,6.225766618645812,9.487410633779024,CEBPB
gs_ind_0,Regulation Of Release Of Sequestered Calcium Ion Into Cytosol (GO:0051279),1/25,0.24365613576291123,0.5368984324880991,5.4623442297272895,7.712815453264074,F2RL3
gs_ind_0,Mitotic G1 DNA Damage Checkpoint Signaling (GO:0031571),1/22,0.2178618005806889,0.5368984324880991,6.225766618645812,9.487410633779024,MUC1
gs_ind_0,Clathrin-Dependent Endocytosis (GO:0072583),1/23,0.22655563436526355,0.5368984324880991,5.948672566371681,8.832379263763936,FCHO2
gs_ind_0,Regulation Of Protein Localization To Cell Surface (GO:2000008),1/22,0.2178618005806889,0.5368984324880991,6.225766618645812,9.487410633779024,MAP1A
gs_ind_0,Regulation Of Protein Tyrosine Kinase Activity (GO:0061097),1/23,0.22655563436526355,0.5368984324880991,5.948672566371681,8.832379263763936,CASS4
gs_ind_0,Organophosphate Ester Transport (GO:0015748),1/23,0.22655563436526355,0.5368984324880991,5.948672566371681,8.832379263763936,PRELID2
gs_ind_0,Regulation Of Protein Kinase B Signaling (GO:0051896),2/82,0.230947900594745,0.5368984324880991,2.776876716368395,4.069688138865211,NTRK1;CASS4
gs_ind_0,Platelet Dense Granule Organization (GO:0060155),1/22,0.2178618005806889,0.5368984324880991,6.225766618645812,9.487410633779024,F2RL3
gs_ind_0,Positive Regulation Of Protein Modification Process (GO:0031401),3/152,0.23848660930513021,0.5368984324880991,2.0961912843807715,3.0047688695969987,P2RY1;NTRK1;FAXDC2
gs_ind_0,Positive Regulation Of Protein Tyrosine Kinase Activity (GO:0061098),1/22,0.2178618005806889,0.5368984324880991,6.225766618645812,9.487410633779024,CASS4
gs_ind_0,Positive Regulation Of Substrate Adhesion-Dependent Cell Spreading (GO:1900026),1/23,0.22655563436526355,0.5368984324880991,5.948672566371681,8.832379263763936,CASS4
gs_ind_0,Integrated Stress Response Signaling (GO:0140467),1/25,0.24365613576291123,0.5368984324880991,5.4623442297272895,7.712815453264074,CEBPB
gs_ind_0,Presynaptic Endocytosis (GO:0140238),1/23,0.22655563436526355,0.5368984324880991,5.948672566371681,8.832379263763936,FCHO2
gs_ind_0,Actin Filament Polymerization (GO:0030041),1/22,0.2178618005806889,0.5368984324880991,6.225766618645812,9.487410633779024,PSTPIP2
gs_ind_0,Interferon-Mediated Signaling Pathway (GO:0140888),1/23,0.22655563436526355,0.5368984324880991,5.948672566371681,8.832379263763936,IFITM3
gs_ind_0,Positive Regulation Of Extrinsic Apoptotic Signaling Pathway (GO:2001238),1/25,0.24365613576291123,0.5368984324880991,5.4623442297272895,7.712815453264074,TNFRSF12A
gs_ind_0,Golgi To Plasma Membrane Protein Transport (GO:0043001),1/24,0.23515339426573464,0.5368984324880991,5.695160986631519,8.243843691223994,KRT18
gs_ind_0,Glyoxylate and dicarboxylate metabolism,1/23,0.22655563436526355,0.5368984324880991,5.948672566371681,8.832379263763936,ACO1
gs_ind_0,Intrinsic Apoptotic Signaling Pathway In Response To Endoplasmic Reticulum Stress (GO:0070059),1/23,0.22655563436526355,0.5368984324880991,5.948672566371681,8.832379263763936,CEBPB
gs_ind_0,Fructose and mannose metabolism,1/24,0.23515339426573464,0.5368984324880991,5.695160986631519,8.243843691223994,ENOSF1
gs_ind_0,Ether lipid metabolism,1/25,0.24365613576291123,0.5368984324880991,5.4623442297272895,7.712815453264074,PEDS1-UBE2V1
gs_ind_0,Neuron Projection Extension (GO:1990138),1/24,0.23515339426573464,0.5368984324880991,5.695160986631519,8.243843691223994,MAP1B
gs_ind_0,Liver Development (GO:0001889),1/25,0.24365613576291123,0.5368984324880991,5.4623442297272895,7.712815453264074,CEBPB
gs_ind_0,Malaria,1/25,0.24365613576291123,0.5368984324880991,5.4623442297272895,7.712815453264074,CR1L
gs_ind_0,Cellular Response To Organic Cyclic Compound (GO:0071407),2/84,0.2391527844877588,0.5368984324880991,2.7091988130563798,3.8759225036876797,P2RY1;CIB2
gs_ind_0,Positive Regulation Of Phosphorylation (GO:0042327),3/150,0.23260069571330447,0.5368984324880991,2.124897546167468,3.0990186797778048,P2RY1;NTRK1;FAXDC2
gs_ind_0,Regulation Of Viral Entry Into Host Cell (GO:0046596),1/25,0.24365613576291123,0.5368984324880991,5.4623442297272895,7.712815453264074,IFITM3
gs_ind_0,Secretory Granule Organization (GO:0033363),1/25,0.24365613576291123,0.5368984324880991,5.4623442297272895,7.712815453264074,F2RL3
gs_ind_0,Sterol Biosynthetic Process (GO:0016126),1/25,0.24365613576291123,0.5368984324880991,5.4623442297272895,7.712815453264074,FAXDC2
gs_ind_0,Negative Regulation Of T Cell Activation (GO:0050868),1/23,0.22655563436526355,0.5368984324880991,5.948672566371681,8.832379263763936,CEBPB
gs_ind_0,Negative Regulation Of Microtubule Polymerization Or Depolymerization (GO:0031111),1/24,0.23515339426573464,0.5368984324880991,5.695160986631519,8.243843691223994,TUBB4A
gs_ind_0,Taste transduction,1/22,0.2178618005806889,0.5368984324880991,6.225766618645812,9.487410633779024,P2RY1
gs_ind_0,Acylglycerol Metabolic Process (GO:0006639),1/24,0.23515339426573464,0.5368984324880991,5.695160986631519,8.243843691223994,APOC1
gs_ind_0,Negative Regulation Of Cell Cycle Process (GO:0010948),1/25,0.24365613576291123,0.5368984324880991,5.4623442297272895,7.712815453264074,TOM1L1
gs_ind_0,Negative Regulation Of Endocytosis (GO:0045806),1/23,0.22655563436526355,0.5368984324880991,5.948672566371681,8.832379263763936,APOC1
gs_ind_0,Negative Regulation Of G1/S Transition Of Mitotic Cell Cycle (GO:2000134),1/25,0.24365613576291123,0.5368984324880991,5.4623442297272895,7.712815453264074,GFI1B
gs_ind_0,Regulation Of Wound Healing (GO:0061041),1/26,0.2520649028102137,0.545850892982118,5.247787610619469,7.231811712934988,TNFRSF12A
gs_ind_0,Negative Regulation Of Cell Cycle G1/S Phase Transition (GO:1902807),1/26,0.2520649028102137,0.545850892982118,5.247787610619469,7.231811712934988,GFI1B
gs_ind_0,Positive Regulation Of Biomineral Tissue Development (GO:0070169),1/26,0.2520649028102137,0.545850892982118,5.247787610619469,7.231811712934988,CEBPB
gs_ind_0,Regulation Of DNA Biosynthetic Process (GO:2000278),1/26,0.2520649028102137,0.545850892982118,5.247787610619469,7.231811712934988,TOM1L1
gs_ind_0,Regulation Of Sodium Ion Transport (GO:0002028),1/26,0.2520649028102137,0.545850892982118,5.247787610619469,7.231811712934988,SNTA1
gs_ind_0,Protein Secretion,2/88,0.2556016131315546,0.55160760497119,2.583231848510317,3.523877611443808,TOM1L1;KRT18
gs_ind_0,Positive Regulation Of Multicellular Organismal Process (GO:0051240),4/233,0.25977267966453116,0.5524293822910203,1.7567567567567568,2.3680173529652255,MUC1;TBXA2R;CEBPB;ACVR1
gs_ind_0,Positive Regulation Of Cell Death (GO:0010942),1/27,0.2603807279588249,0.5524293822910203,5.049423943897144,6.7945572757724815,NTRK1
gs_ind_0,Carbohydrate Catabolic Process (GO:0016052),1/27,0.2603807279588249,0.5524293822910203,5.049423943897144,6.7945572757724815,ENOSF1
gs_ind_0,Regulation Of Intracellular Transport (GO:0032386),1/27,0.2603807279588249,0.5524293822910203,5.049423943897144,6.7945572757724815,REEP6
gs_ind_0,Cholesterol metabolism,1/27,0.2603807279588249,0.5524293822910203,5.049423943897144,6.7945572757724815,APOC1
gs_ind_0,Negative Regulation Of Mitotic Cell Cycle (GO:0045930),1/28,0.2686046324814883,0.5585553284714393,4.865486725663716,6.395754058422166,TOM1L1
gs_ind_0,Ventricular Septum Development (GO:0003281),1/28,0.2686046324814883,0.5585553284714393,4.865486725663716,6.395754058422166,ZFPM2
gs_ind_0,Negative Regulation Of Proteasomal Ubiquitin-Dependent Protein Catabolic Process (GO:0032435),1/28,0.2686046324814883,0.5585553284714393,4.865486725663716,6.395754058422166,MAP1A
gs_ind_0,Negative Regulation Of Growth (GO:0045926),2/91,0.2679547321881413,0.5585553284714393,2.496145748719394,3.287267249233462,CDKN2C;MT1X
gs_ind_0,Membrane Assembly (GO:0071709),1/28,0.2686046324814883,0.5585553284714393,4.865486725663716,6.395754058422166,TLCD1
gs_ind_0,Cholesterol Transport (GO:0030301),1/28,0.2686046324814883,0.5585553284714393,4.865486725663716,6.395754058422166,APOC1
gs_ind_0,Positive Regulation Of Myeloid Cell Differentiation (GO:0045639),1/29,0.27673762649497247,0.5588142425686261,4.694457382394038,6.030900946641094,FAXDC2
gs_ind_0,"DNA Damage Response, Signal Transduction By P53 Class Mediator (GO:0030330)",1/29,0.27673762649497247,0.5588142425686261,4.694457382394038,6.030900946641094,MUC1
gs_ind_0,Synaptic Vesicle Endocytosis (GO:0048488),1/29,0.27673762649497247,0.5588142425686261,4.694457382394038,6.030900946641094,FCHO2
gs_ind_0,Regulation Of Transport (GO:0051049),1/29,0.27673762649497247,0.5588142425686261,4.694457382394038,6.030900946641094,REEP6
gs_ind_0,Steroid Biosynthetic Process (GO:0006694),1/29,0.27673762649497247,0.5588142425686261,4.694457382394038,6.030900946641094,FAXDC2
gs_ind_0,Organic Hydroxy Compound Biosynthetic Process (GO:1901617),1/29,0.27673762649497247,0.5588142425686261,4.694457382394038,6.030900946641094,FAXDC2
gs_ind_0,Regulation Of Receptor-Mediated Endocytosis (GO:0048259),1/29,0.27673762649497247,0.5588142425686261,4.694457382394038,6.030900946641094,APOC1
gs_ind_0,Positive Regulation Of Cell Migration (GO:0030335),3/163,0.27126513432959865,0.5588142425686261,1.9510949923280791,2.545512823931729,S100A11;CASS4;ACVR1
gs_ind_0,Negative Regulation Of Mitotic Cell Cycle Phase Transition (GO:1901991),1/29,0.27673762649497247,0.5588142425686261,4.694457382394038,6.030900946641094,GFI1B
gs_ind_0,Positive Regulation Of Developmental Process (GO:0051094),3/166,0.2802974952928223,0.5641885482176038,1.9149116801314527,2.4355833596313374,CEBPB;ELAPOR2;ACVR1
gs_ind_0,Pyruvate metabolism,1/30,0.2847807090812128,0.5677532866761956,4.535023248837558,5.696151720835229,PC
gs_ind_0,Energy Derivation By Oxidation Of Organic Compounds (GO:0015980),1/30,0.2847807090812128,0.5677532866761956,4.535023248837558,5.696151720835229,MRAP2
gs_ind_0,Memory (GO:0007613),1/30,0.2847807090812128,0.5677532866761956,4.535023248837558,5.696151720835229,MAP1A
gs_ind_0,Negative Regulation Of Protein Localization (GO:1903828),1/31,0.29273486840714463,0.5709239048437479,4.38604381256347,5.388202040346016,MAP1A
gs_ind_0,Ubiquitin-Dependent Protein Catabolic Process Via The Multivesicular Body Sorting Pathway (GO:0043162),1/31,0.29273486840714463,0.5709239048437479,4.38604381256347,5.388202040346016,TOM1L1
gs_ind_0,Establishment Of Protein Localization To Plasma Membrane (GO:0061951),1/31,0.29273486840714463,0.5709239048437479,4.38604381256347,5.388202040346016,KRT18
gs_ind_0,Negative Regulation Of Proteasomal Protein Catabolic Process (GO:1901799),1/31,0.29273486840714463,0.5709239048437479,4.38604381256347,5.388202040346016,MAP1A
gs_ind_0,Neuron Projection Morphogenesis (GO:0048812),2/96,0.28853306422126523,0.5709239048437479,2.3632895294616363,2.93744030385058,MAP1B;MAP1A
gs_ind_0,Regulation Of Protein Phosphorylation (GO:0001932),3/170,0.29238342733403994,0.5709239048437479,1.8686834484294943,2.2978999122648545,P2RY1;NTRK1;FAXDC2
gs_ind_0,Regulation Of Proteasomal Ubiquitin-Dependent Protein Catabolic Process (GO:0032434),2/96,0.28853306422126523,0.5709239048437479,2.3632895294616363,2.93744030385058,MAP1A;RNF217
gs_ind_0,Myogenesis,2/98,0.29674959451501076,0.5769620599239218,2.3140019372395875,2.8112036934539177,PC;CFD
gs_ind_0,Vasopressin-regulated water reabsorption,1/33,0.30838031608079,0.58080471234472,4.115588835942818,4.841667048819238,AQP3
gs_ind_0,Negative Regulation Of Ubiquitin-Dependent Protein Catabolic Process (GO:2000059),1/34,0.3160735272478559,0.58080471234472,3.9924712719587903,4.5984502037089,MAP1A
gs_ind_0,Renin secretion,1/33,0.30838031608079,0.58080471234472,4.115588835942818,4.841667048819238,PDE3B
gs_ind_0,Response To Organic Cyclic Compound (GO:0014070),1/34,0.3160735272478559,0.58080471234472,3.9924712719587903,4.5984502037089,AQP3
gs_ind_0,Regulation of lipolysis in adipocytes,1/33,0.30838031608079,0.58080471234472,4.115588835942818,4.841667048819238,PDE3B
gs_ind_0,Regulation Of Cold-Induced Thermogenesis (GO:0120161),2/101,0.30904734876340995,0.58080471234472,2.2437856940488796,2.6347895427900823,MUC1;CEBPB
gs_ind_0,Anterograde Axonal Transport (GO:0008089),1/34,0.3160735272478559,0.58080471234472,3.9924712719587903,4.5984502037089,MAP1A
gs_ind_0,Positive Regulation Of Transport (GO:0051050),1/34,0.3160735272478559,0.58080471234472,3.9924712719587903,4.5984502037089,CEBPB
gs_ind_0,Negative Regulation Of Cellular Biosynthetic Process (GO:0031327),2/103,0.3172229559462404,0.58080471234472,2.1992808174124043,2.5251051969932723,RIDA;APOC1
gs_ind_0,Positive Regulation Of Cell Differentiation (GO:0045597),3/174,0.30450558321232385,0.58080471234472,1.8246116356990558,2.1695833970678473,CEBPB;ZNF385A;ACVR1
gs_ind_0,Mineral absorption,1/34,0.3160735272478559,0.58080471234472,3.9924712719587903,4.5984502037089,MT1X
gs_ind_0,Thyroid cancer,1/32,0.30060108184324436,0.58080471234472,4.246523388116309,5.104198824207563,NTRK1
gs_ind_0,Inflammatory Response (GO:0006954),2/103,0.3172229559462404,0.58080471234472,2.1992808174124043,2.5251051969932723,TBXA2R;CEBPB
gs_ind_0,Phosphatidylcholine Metabolic Process (GO:0046470),1/33,0.30838031608079,0.58080471234472,4.115588835942818,4.841667048819238,MUC1
gs_ind_0,Muscle Contraction (GO:0006936),1/34,0.3160735272478559,0.58080471234472,3.9924712719587903,4.5984502037089,SNTA1
gs_ind_0,Cellular Response To Peptide (GO:1901653),1/33,0.30838031608079,0.58080471234472,4.115588835942818,4.841667048819238,NTRK1
gs_ind_0,Positive Regulation Of Protein Kinase Activity (GO:0045860),2/103,0.3172229559462404,0.58080471234472,2.1992808174124043,2.5251051969932723,TOM1L1;CASS4
gs_ind_0,Positive Regulation Of Programmed Cell Death (GO:0043068),3/178,0.31665062560525165,0.58080471234472,1.782548794489093,2.049853109901429,NTRK1;ADAMTSL4;TNFRSF12A
gs_ind_0,Cytokine-cytokine receptor interaction,2/103,0.3172229559462404,0.58080471234472,2.1992808174124043,2.5251051969932723,TNFRSF12A;ACVR1
gs_ind_0,Negative Regulation Of DNA Metabolic Process (GO:0051053),1/33,0.30838031608079,0.58080471234472,4.115588835942818,4.841667048819238,S100A11
gs_ind_0,Synaptic Vesicle Recycling (GO:0036465),1/35,0.32368166102405427,0.5824414989200747,3.8764909580607925,4.372661541724746,FCHO2
gs_ind_0,Heart Morphogenesis (GO:0003007),1/35,0.32368166102405427,0.5824414989200747,3.8764909580607925,4.372661541724746,ACVR1
gs_ind_0,Regulation Of Substrate Adhesion-Dependent Cell Spreading (GO:1900024),1/35,0.32368166102405427,0.5824414989200747,3.8764909580607925,4.372661541724746,CASS4
gs_ind_0,Sterol Metabolic Process (GO:0016125),1/35,0.32368166102405427,0.5824414989200747,3.8764909580607925,4.372661541724746,FAXDC2
gs_ind_0,Regulation Of Microtubule Polymerization (GO:0031113),1/35,0.32368166102405427,0.5824414989200747,3.8764909580607925,4.372661541724746,TUBB4A
gs_ind_0,Peptidyl-Tyrosine Modification (GO:0018212),1/35,0.32368166102405427,0.5824414989200747,3.8764909580607925,4.372661541724746,NTRK1
gs_ind_0,Cellular Response To Growth Factor Stimulus (GO:0071363),2/107,0.3335051366431285,0.5940501578423073,2.115333230202371,2.322841098447404,NTRK1;ACVR1
gs_ind_0,Phospholipid Metabolic Process (GO:0006644),1/37,0.33864642755978663,0.5940501578423073,3.6635955873439205,3.966936548240724,PLBD1
gs_ind_0,Regulation Of Lipid Metabolic Process (GO:0019216),1/37,0.33864642755978663,0.5940501578423073,3.6635955873439205,3.966936548240724,APOC1
gs_ind_0,Neuron Migration (GO:0001764),1/37,0.33864642755978663,0.5940501578423073,3.6635955873439205,3.966936548240724,MAP1B
gs_ind_0,Anterior/Posterior Pattern Specification (GO:0009952),1/37,0.33864642755978663,0.5940501578423073,3.6635955873439205,3.966936548240724,HES6
gs_ind_0,Erythrocyte Differentiation (GO:0030218),1/36,0.3312056527540396,0.5940501578423073,3.7670447463542316,4.162643923052763,KLF1
gs_ind_0,Phosphatidylinositol Phosphate Biosynthetic Process (GO:0046854),1/37,0.33864642755978663,0.5940501578423073,3.6635955873439205,3.966936548240724,TTC7B
gs_ind_0,Regulation Of Mitotic Nuclear Division (GO:0007088),1/37,0.33864642755978663,0.5940501578423073,3.6635955873439205,3.966936548240724,TOM1L1
gs_ind_0,Negative Regulation Of Blood Vessel Morphogenesis (GO:2000181),1/37,0.33864642755978663,0.5940501578423073,3.6635955873439205,3.966936548240724,PDE3B
gs_ind_0,Response To Type II Interferon (GO:0034341),1/39,0.3532819764382501,0.6012495425561546,3.472819216182048,3.6134292933112095,IFITM3
gs_ind_0,Regulation Of ERK1 And ERK2 Cascade (GO:0070372),2/110,0.3456448980442649,0.6012495425561546,2.056434519821138,2.1846395104536764,P2RY1;NTRK1
gs_ind_0,Axonogenesis (GO:0007409),2/111,0.3496759682019454,0.6012495425561546,2.0375188000487787,2.1409195344790644,MAP1B;MAP1A
gs_ind_0,External Encapsulating Structure Organization (GO:0045229),1/39,0.3532819764382501,0.6012495425561546,3.472819216182048,3.6134292933112095,ADAMTSL4
gs_ind_0,Spinocerebellar ataxia,2/111,0.3496759682019454,0.6012495425561546,2.0375188000487787,2.1409195344790644,KCNC3;SPTBN2
gs_ind_0,mRNA Destabilization (GO:0061157),1/39,0.3532819764382501,0.6012495425561546,3.472819216182048,3.6134292933112095,RIDA
gs_ind_0,Actin Cytoskeleton Reorganization (GO:0031532),1/39,0.3532819764382501,0.6012495425561546,3.472819216182048,3.6134292933112095,CASS4
gs_ind_0,Regulation Of Nucleic Acid-Templated Transcription (GO:1903506),5/352,0.35265426023890545,0.6012495425561546,1.4153274359364472,1.4751492713971452,TESMIN;KLF1;CEBPB;HES6;MITF
gs_ind_0,Negative Regulation Of Metabolic Process (GO:0009892),1/38,0.34600490045165383,0.6012495425561546,3.5656637168141594,3.78424724940881,APOC1
gs_ind_0,Negative Regulation Of Viral Genome Replication (GO:0045071),1/38,0.34600490045165383,0.6012495425561546,3.5656637168141594,3.78424724940881,IFITM3
gs_ind_0,Positive Regulation Of Phosphatidylinositol 3-Kinase Signaling (GO:0014068),1/39,0.3532819764382501,0.6012495425561546,3.472819216182048,3.6134292933112095,NTRK1
gs_ind_0,Regulation Of Rho Protein Signal Transduction (GO:0035023),1/40,0.3604785506351146,0.6036814127969385,3.3846757029237144,3.453461868007815,F2RL3
gs_ind_0,Hematopoietic cell lineage,1/40,0.3604785506351146,0.6036814127969385,3.3846757029237144,3.453461868007815,CR1L
gs_ind_0,Regulation Of T Cell Proliferation (GO:0042129),1/40,0.3604785506351146,0.6036814127969385,3.3846757029237144,3.453461868007815,CEBPB
gs_ind_0,Regulation Of Cell Migration (GO:0030334),4/272,0.35707127388113924,0.6036814127969385,1.4976596708440284,1.5423196881369559,BEX4;CASS4;MITF;ACVR1
gs_ind_0,Actin Polymerization Or Depolymerization (GO:0008154),1/40,0.3604785506351146,0.6036814127969385,3.3846757029237144,3.453461868007815,PSTPIP2
gs_ind_0,Morphine addiction,1/40,0.3604785506351146,0.6036814127969385,3.3846757029237144,3.453461868007815,PDE3B
gs_ind_0,Tuberculosis,2/114,0.3617181512032858,0.604146273818254,1.9827893175074185,2.0162785462977144,CEBPB;CR1L
gs_ind_0,mRNA Catabolic Process (GO:0006402),1/41,0.36759550837222027,0.6091028476457897,3.3008849557522124,3.303433593343578,RIDA
gs_ind_0,Golgi To Plasma Membrane Transport (GO:0006893),1/41,0.36759550837222027,0.6091028476457897,3.3008849557522124,3.303433593343578,KRT18
gs_ind_0,Extracellular Structure Organization (GO:0043062),1/41,0.36759550837222027,0.6091028476457897,3.3008849557522124,3.303433593343578,ADAMTSL4
gs_ind_0,Positive Regulation Of mRNA Catabolic Process (GO:0061014),1/42,0.3746337253003203,0.6142819307796374,3.221132316878132,3.1625285264325385,RIDA
gs_ind_0,Response To Retinoic Acid (GO:0032526),1/42,0.3746337253003203,0.6142819307796374,3.221132316878132,3.1625285264325385,AQP3
gs_ind_0,Protein Tetramerization (GO:0051262),1/42,0.3746337253003203,0.6142819307796374,3.221132316878132,3.1625285264325385,KCNC3
gs_ind_0,Positive Regulation Of Apoptotic Signaling Pathway (GO:2001235),1/42,0.3746337253003203,0.6142819307796374,3.221132316878132,3.1625285264325385,TNFRSF12A
gs_ind_0,Regulation Of Neurogenesis (GO:0050767),1/43,0.38159406749613956,0.614464293301476,3.145132743362832,3.030014235901751,HES6
gs_ind_0,Legionellosis,1/43,0.38159406749613956,0.614464293301476,3.145132743362832,3.030014235901751,CR1L
gs_ind_0,Endoplasmic Reticulum Organization (GO:0007029),1/43,0.38159406749613956,0.614464293301476,3.145132743362832,3.030014235901751,REEP6
gs_ind_0,Regulation Of G Protein-Coupled Receptor Signaling Pathway (GO:0008277),1/43,0.38159406749613956,0.614464293301476,3.145132743362832,3.030014235901751,MRAP2
gs_ind_0,Negative Regulation Of Neuron Apoptotic Process (GO:0043524),1/43,0.38159406749613956,0.614464293301476,3.145132743362832,3.030014235901751,NTRK1
gs_ind_0,Negative Regulation Of Angiogenesis (GO:0016525),1/43,0.38159406749613956,0.614464293301476,3.145132743362832,3.030014235901751,PDE3B
gs_ind_0,Adenylate Cyclase-Activating G Protein-Coupled Receptor Signaling Pathway (GO:0007189),1/43,0.38159406749613956,0.614464293301476,3.145132743362832,3.030014235901751,TBXA2R
gs_ind_0,Regulation Of Cyclin-Dependent Protein Kinase Activity (GO:1904029),1/44,0.388477391566437,0.616070206827582,3.072627403112603,2.905231599446753,CDKN2C
gs_ind_0,Negative Regulation Of Viral Process (GO:0048525),1/44,0.388477391566437,0.616070206827582,3.072627403112603,2.905231599446753,IFITM3
gs_ind_0,Protein Polymerization (GO:0051258),1/44,0.388477391566437,0.616070206827582,3.072627403112603,2.905231599446753,PSTPIP2
gs_ind_0,N-Glycan biosynthesis,1/44,0.388477391566437,0.616070206827582,3.072627403112603,2.905231599446753,SRD5A3
gs_ind_0,TGF-beta Signaling,1/44,0.388477391566437,0.616070206827582,3.072627403112603,2.905231599446753,ACVR1
gs_ind_0,Peptidyl-Tyrosine Phosphorylation (GO:0018108),1/44,0.388477391566437,0.616070206827582,3.072627403112603,2.905231599446753,NTRK1
gs_ind_0,Positive Regulation Of Cell-Substrate Adhesion (GO:0010811),1/45,0.3952845447509385,0.6237153118180638,3.0033807298399124,2.787586043282978,CASS4
gs_ind_0,Calcium Ion Homeostasis (GO:0055074),1/45,0.3952845447509385,0.6237153118180638,3.0033807298399124,2.787586043282978,CIB2
gs_ind_0,Fat Cell Differentiation (GO:0045444),1/46,0.40201636502415855,0.6295917138034204,2.9371778663814063,2.676539993112261,ZFPM2
gs_ind_0,Leishmaniasis,1/46,0.40201636502415855,0.6295917138034204,2.9371778663814063,2.676539993112261,CR1L
gs_ind_0,Visual Perception (GO:0007601),1/46,0.40201636502415855,0.6295917138034204,2.9371778663814063,2.676539993112261,REEP6
gs_ind_0,Regulation Of Viral Genome Replication (GO:0045069),1/48,0.4152573130120017,0.647100725983963,2.8131346064275733,2.4723428144485435,IFITM3
gs_ind_0,Regulation Of Extrinsic Apoptotic Signaling Pathway (GO:2001236),1/48,0.4152573130120017,0.647100725983963,2.8131346064275733,2.4723428144485435,TNFRSF12A
gs_ind_0,Regulation Of Multicellular Organismal Development (GO:2000026),1/49,0.4217680712506685,0.6491920312387741,2.7549493659337654,2.378346989284425,GFI1B
gs_ind_0,Positive Regulation Of Neuron Projection Development (GO:0010976),1/49,0.4217680712506685,0.6491920312387741,2.7549493659337654,2.378346989284425,NTRK1
gs_ind_0,Regulation Of BMP Signaling Pathway (GO:0030510),1/49,0.4217680712506685,0.6491920312387741,2.7549493659337654,2.378346989284425,ELAPOR2
gs_ind_0,Positive Regulation Of Cell Motility (GO:2000147),2/129,0.4205431647634415,0.6491920312387741,1.7477744807121662,1.5139365061872199,CASS4;ACVR1
gs_ind_0,Regulation Of Cellular Localization (GO:0060341),1/49,0.4217680712506685,0.6491920312387741,2.7549493659337654,2.378346989284425,REEP6
gs_ind_0,Rap1 signaling pathway,2/130,0.4243703853896006,0.6516004939478464,1.734057661443961,1.486345191550852,P2RY1;F2RL3
gs_ind_0,RNA Catabolic Process (GO:0006401),1/50,0.4282067578221876,0.6542915910275762,2.6991150442477876,2.289252052315059,RIDA
gs_ind_0,Organonitrogen Compound Catabolic Process (GO:1901565),1/50,0.4282067578221876,0.6542915910275762,2.6991150442477876,2.289252052315059,RIDA
gs_ind_0,Post-Transcriptional Regulation Of Gene Expression (GO:0010608),1/51,0.4345741658642565,0.657620665452417,2.6454919828266013,2.204723009098358,ZNF385A
gs_ind_0,Positive Regulation Of Protein Kinase B Signaling (GO:0051897),1/51,0.4345741658642565,0.657620665452417,2.6454919828266013,2.204723009098358,CASS4
gs_ind_0,Regulation Of Kinase Activity (GO:0043549),1/51,0.4345741658642565,0.657620665452417,2.6454919828266013,2.204723009098358,NTRK1
gs_ind_0,Melanoma,1/51,0.4345741658642565,0.657620665452417,2.6454919828266013,2.204723009098358,MITF
gs_ind_0,Negative Regulation Of Phosphorylation (GO:0042326),1/52,0.4408710798375999,0.6623613352584037,2.5939513703926456,2.1244533893544673,CDKN2C
gs_ind_0,Negative Regulation Of Supramolecular Fiber Organization (GO:1902904),1/52,0.4408710798375999,0.6623613352584037,2.5939513703926456,2.1244533893544673,TUBB4A
gs_ind_0,IL-6/JAK/STAT3 Signaling,1/52,0.4408710798375999,0.6623613352584037,2.5939513703926456,2.1244533893544673,TNFRSF12A
gs_ind_0,Regulation Of Phosphatidylinositol 3-Kinase Signaling (GO:0014066),1/54,0.45325652060130067,0.665058633031815,2.4966504011248034,1.9755920801313316,NTRK1
gs_ind_0,Regulation Of Peptidyl-Tyrosine Phosphorylation (GO:0050730),1/53,0.44709827562033055,0.665058633031815,2.5443742098609357,2.048162343187312,ACVR1
gs_ind_0,Central carbon metabolism in cancer,1/53,0.44709827562033055,0.665058633031815,2.5443742098609357,2.048162343187312,NTRK1
gs_ind_0,Membrane Organization (GO:0061024),2/137,0.4507870460536787,0.665058633031815,1.6437088703231246,1.3096418619957382,FCHO2;TLCD1
gs_ind_0,Positive Regulation Of DNA-templated Transcription Initiation (GO:2000144),1/54,0.45325652060130067,0.665058633031815,2.4966504011248034,1.9755920801313316,MITF
gs_ind_0,Protein N-linked Glycosylation (GO:0006487),1/54,0.45325652060130067,0.665058633031815,2.4966504011248034,1.9755920801313316,SRD5A3
gs_ind_0,IL-17 signaling pathway,1/54,0.45325652060130067,0.665058633031815,2.4966504011248034,1.9755920801313316,CEBPB
gs_ind_0,Cellular Response To Hypoxia (GO:0071456),1/54,0.45325652060130067,0.665058633031815,2.4966504011248034,1.9755920801313316,AQP3
gs_ind_0,Negative Regulation Of Cellular Catabolic Process (GO:0031330),1/53,0.44709827562033055,0.665058633031815,2.5443742098609357,2.048162343187312,APOC1
gs_ind_0,Cellular Response To Hormone Stimulus (GO:0032870),1/54,0.45325652060130067,0.665058633031815,2.4966504011248034,1.9755920801313316,LMO2
gs_ind_0,Negative Regulation Of Neuron Death (GO:1901215),1/55,0.45934657377242966,0.6662116589586278,2.4506779248193555,1.9065056051353944,NTRK1
gs_ind_0,Plasma Membrane Organization (GO:0007009),1/55,0.45934657377242966,0.6662116589586278,2.4506779248193555,1.9065056051353944,TLCD1
gs_ind_0,Cellular Response To Decreased Oxygen Levels (GO:0036294),1/55,0.45934657377242966,0.6662116589586278,2.4506779248193555,1.9065056051353944,AQP3
gs_ind_0,Interferon Gamma Response,2/139,0.45820951117245995,0.6662116589586278,1.6195845697329376,1.2639703636900783,IFITM3;ARL4A
gs_ind_0,Activation Of Protein Kinase Activity (GO:0032147),1/55,0.45934657377242966,0.6662116589586278,2.4506779248193555,1.9065056051353944,TOM1L1
gs_ind_0,Potassium Ion Transport (GO:0006813),1/56,0.46536918582004744,0.6733913564400686,2.406362114326716,1.8406847124399361,KCNC3
gs_ind_0,Gap junction,1/57,0.4713250992152366,0.6788811062091022,2.3636150050904536,1.777928204025835,TUBB4A
gs_ind_0,Regulation Of Protein Localization To Plasma Membrane (GO:1903076),1/57,0.4713250992152366,0.6788811062091022,2.3636150050904536,1.777928204025835,MRAP2
gs_ind_0,Regulation Of Ras Protein Signal Transduction (GO:0046578),1/58,0.4772150483032118,0.6857918771954623,2.322354751827626,1.7180503041131894,NTRK1
gs_ind_0,Inositol phosphate metabolism,1/59,0.4830397593917195,0.6888432285458955,2.282505105513955,1.6608792452279888,PLCD3
gs_ind_0,Inflammatory mediator regulation of TRP channels,1/59,0.4830397593917195,0.6888432285458955,2.282505105513955,1.6608792452279888,NTRK1
gs_ind_0,Inorganic Cation Transmembrane Transport (GO:0098662),2/146,0.4837258977527706,0.6888432285458955,1.5404084482457672,1.1187013940265946,RHCE;KCNC3
gs_ind_0,Regulation Of Cell Cycle G1/S Phase Transition (GO:1902806),1/59,0.4830397593917195,0.6888432285458955,2.282505105513955,1.6608792452279888,CDKN2C
gs_ind_0,Potassium Ion Transmembrane Transport (GO:0071805),1/60,0.4887999508384923,0.6944940477976769,2.2439949431099873,1.606256004764467,KCNC3
gs_ind_0,Mitophagy,1/61,0.4944963331377488,0.7010015738386146,2.2067578439259856,1.5540331738585555,MITF
gs_ind_0,Positive Regulation Of Transmembrane Receptor Protein Serine/Threonine Kinase Signaling Pathway (GO:0090100),1/62,0.5001296090057644,0.7042183732188791,2.1707317073170733,1.5040739428396204,ELAPOR2
gs_ind_0,Adenylate Cyclase-Modulating G Protein-Coupled Receptor Signaling Pathway (GO:0007188),1/62,0.5001296090057644,0.7042183732188791,2.1707317073170733,1.5040739428396204,TBXA2R
gs_ind_0,Positive Regulation Of MAPK Cascade (GO:0043410),2/150,0.49797237477708206,0.7042183732188791,1.4985163204747773,1.0447815765424637,P2RY1;NTRK1
gs_ind_0,Positive Regulation Of Protein Localization (GO:1903829),1/64,0.5112096139303974,0.705078118619633,2.10208347850324,1.4104466591306013,MAP1A
gs_ind_0,Endomembrane System Organization (GO:0010256),2/154,0.5119675510996061,0.705078118619633,1.4588218125212822,0.9766724982696052,TLCD1;REEP6
gs_ind_0,Cellular Response To Peptide Hormone Stimulus (GO:0071375),1/64,0.5112096139303974,0.705078118619633,2.10208347850324,1.4104466591306013,PDE3B
gs_ind_0,Positive Regulation Of Canonical Wnt Signaling Pathway (GO:0090263),1/63,0.5057004734655146,0.705078118619633,2.135858407079646,1.4562511896157433,PLEKHA4
gs_ind_0,Response To Insulin (GO:0032868),1/64,0.5112096139303974,0.705078118619633,2.10208347850324,1.4104466591306013,PDE3B
gs_ind_0,Response To Calcium Ion (GO:0051592),1/64,0.5112096139303974,0.705078118619633,2.10208347850324,1.4104466591306013,AQP3
gs_ind_0,Negative Regulation Of Cell Population Proliferation (GO:0008285),3/241,0.5024614350336335,0.705078118619633,1.30616727682343,0.8989518489804633,S100A11;NTRK1;CDKN2C
gs_ind_0,Regulation Of Phosphorylation (GO:0042325),1/63,0.5057004734655146,0.705078118619633,2.135858407079646,1.4562511896157433,CDKN2C
gs_ind_0,Regulation Of mRNA Stability (GO:0043488),1/63,0.5057004734655146,0.705078118619633,2.135858407079646,1.4562511896157433,RIDA
gs_ind_0,Regulation Of Neuron Apoptotic Process (GO:0043523),1/64,0.5112096139303974,0.705078118619633,2.10208347850324,1.4104466591306013,NTRK1
gs_ind_0,Regulation Of Cyclin-Dependent Protein Serine/Threonine Kinase Activity (GO:0000079),1/65,0.516657710287061,0.7068868018742359,2.0693558345338547,1.3665502235562055,CDKN2C
gs_ind_0,Regulation Of DNA Replication (GO:0006275),1/65,0.516657710287061,0.7068868018742359,2.0693558345338547,1.3665502235562055,S100A11
gs_ind_0,Negative Regulation Of Apoptotic Signaling Pathway (GO:2001234),1/65,0.516657710287061,0.7068868018742359,2.0693558345338547,1.3665502235562055,ACVR1
gs_ind_0,Glucagon signaling pathway,1/67,0.5273734530792158,0.7122376957715001,2.00685341672766,1.28407781719848,PDE3B
gs_ind_0,Response To Lipid (GO:0033993),1/66,0.522045434977324,0.7122376957715001,2.03762750793758,1.3244592141958498,AQP3
gs_ind_0,Positive Regulation Of Kinase Activity (GO:0033674),1/67,0.5273734530792158,0.7122376957715001,2.00685341672766,1.28407781719848,NTRK1
gs_ind_0,Positive Regulation Of Cell Projection Organization (GO:0031346),1/67,0.5273734530792158,0.7122376957715001,2.00685341672766,1.28407781719848,NTRK1
gs_ind_0,TGF-beta signaling pathway,1/67,0.5273734530792158,0.7122376957715001,2.00685341672766,1.28407781719848,ACVR1
gs_ind_0,Lipid Transport (GO:0006869),1/67,0.5273734530792158,0.7122376957715001,2.00685341672766,1.28407781719848,PRELID2
gs_ind_0,Melanogenesis,1/68,0.5326424223871397,0.7162728934884875,1.976991150442478,1.2453165261577066,MITF
gs_ind_0,Defense Response To Bacterium (GO:0042742),1/68,0.5326424223871397,0.7162728934884875,1.976991150442478,1.2453165261577066,CEBPB
gs_ind_0,Regulation Of Protein Localization (GO:0032880),1/69,0.5378529934911652,0.7186631487498975,1.9480007751437245,1.208091645508824,MAP1A
gs_ind_0,AGE-RAGE signaling pathway in diabetic complications,1/69,0.5378529934911652,0.7186631487498975,1.9480007751437245,1.208091645508824,PLCD3
gs_ind_0,Positive Regulation Of Ubiquitin-Dependent Protein Catabolic Process (GO:2000060),1/69,0.5378529934911652,0.7186631487498975,1.9480007751437245,1.208091645508824,RNF217
gs_ind_0,Glycolysis,2/163,0.5425118567547883,0.7233491423397177,1.3766984226143995,0.8419135022329496,PC;SRD5A3
gs_ind_0,Interferon Alpha Response,1/71,0.5481015078959084,0.7277119386017558,1.8924872905290906,1.1379427210649558,IFITM3
gs_ind_0,Regulation Of Mitotic Cell Cycle Phase Transition (GO:1901990),1/71,0.5481015078959084,0.7277119386017558,1.8924872905290906,1.1379427210649558,CDKN2C
gs_ind_0,Bile Acid Metabolism,1/72,0.5531407170567934,0.7328531019233464,1.8658951667801225,1.104876479256809,KLF1
gs_ind_0,Negative Regulation Of Cellular Process (GO:0048523),4/355,0.5580000852403086,0.7348048419473785,1.1376340778901235,0.6636913568952407,S100A11;NTRK1;CDKN2C;PDE3B
gs_ind_0,Hemopoiesis (GO:0030097),1/73,0.5581240598867827,0.7348048419473785,1.8400366188587123,1.073061536816497,CEBPB
gs_ind_0,Positive Regulation Of Proteasomal Ubiquitin-Dependent Protein Catabolic Process (GO:0032436),1/73,0.5581240598867827,0.7348048419473785,1.8400366188587123,1.073061536816497,RNF217
gs_ind_0,mRNA Metabolic Process (GO:0016071),1/75,0.5679256027202455,0.7384208664768409,1.7904020906337232,1.0129465701863638,RIDA
gs_ind_0,Negative Regulation Of Amide Metabolic Process (GO:0034249),1/75,0.5679256027202455,0.7384208664768409,1.7904020906337232,1.0129465701863638,RIDA
gs_ind_0,Phosphatidylinositol signaling system,1/75,0.5679256027202455,0.7384208664768409,1.7904020906337232,1.0129465701863638,PLCD3
gs_ind_0,Positive Regulation Of Proteasomal Protein Catabolic Process (GO:1901800),1/74,0.5630521521139841,0.7384208664768409,1.814881704894347,1.042437239324637,RNF217
gs_ind_0,Regulation Of Cell Motility (GO:2000145),1/75,0.5679256027202455,0.7384208664768409,1.7904020906337232,1.0129465701863638,BEX4
gs_ind_0,Spermatogenesis,1/75,0.5679256027202455,0.7384208664768409,1.7904020906337232,1.0129465701863638,ARL4A
gs_ind_0,Cellular Component Assembly (GO:0022607),2/173,0.5748753422313304,0.7443746699407743,1.2955593428554126,0.7172243182169912,TLCD1;MITF
gs_ind_0,Transmembrane Receptor Protein Tyrosine Kinase Signaling Pathway (GO:0007169),2/173,0.5748753422313304,0.7443746699407743,1.2955593428554126,0.7172243182169912,NTRK1;CASS4
gs_ind_0,Progesterone-mediated oocyte maturation,1/77,0.5775109817060573,0.7462487582539176,1.7433628318584071,0.9571546964838548,PDE3B
gs_ind_0,Negative Regulation Of Developmental Process (GO:0051093),1/78,0.5822240949752997,0.7507941101529532,1.720753639737368,0.9307554070405148,ELAPOR2
gs_ind_0,Receptor-Mediated Endocytosis (GO:0006898),1/80,0.5914940827550326,0.7531604045769026,1.6772416096176324,0.880725606288955,FCHO2
gs_ind_0,Regulation Of RNA Metabolic Process (GO:0051252),1/81,0.5960521036221665,0.7531604045769026,1.6562963777276976,0.8570127864197093,MITF
gs_ind_0,Organonitrogen Compound Biosynthetic Process (GO:1901566),1/80,0.5914940827550326,0.7531604045769026,1.6772416096176324,0.880725606288955,MUC1
gs_ind_0,Positive Regulation Of Wnt Signaling Pathway (GO:0030177),1/81,0.5960521036221665,0.7531604045769026,1.6562963777276976,0.8570127864197093,PLEKHA4
gs_ind_0,Cellular Response To Insulin Stimulus (GO:0032869),1/80,0.5914940827550326,0.7531604045769026,1.6772416096176324,0.880725606288955,PDE3B
gs_ind_0,TNF signaling pathway,1/79,0.5868849365459907,0.7531604045769026,1.6987204779888394,0.9052931552136174,CEBPB
gs_ind_0,Protein Complex Oligomerization (GO:0051259),1/81,0.5960521036221665,0.7531604045769026,1.6562963777276976,0.8570127864197093,KCNC3
gs_ind_0,Negative Regulation Of Macromolecule Biosynthetic Process (GO:0010558),1/79,0.5868849365459907,0.7531604045769026,1.6987204779888394,0.9052931552136174,RIDA
gs_ind_0,Regulation Of Translation (GO:0006417),2/178,0.5904252862579115,0.7531604045769026,1.258437639226301,0.663086116840139,RIDA;ZNF385A
gs_ind_0,Cellular Response To Metal Ion (GO:0071248),1/81,0.5960521036221665,0.7531604045769026,1.6562963777276976,0.8570127864197093,MT1X
gs_ind_0,KRAS Signaling Dn,1/82,0.6005595629188013,0.7573321395843517,1.6358651392583745,0.8341169253282429,SPTBN2
gs_ind_0,Extracellular Matrix Organization (GO:0030198),1/83,0.6050170182361052,0.7614242233512507,1.615929203539823,0.812002311193523,ADAMTSL4
gs_ind_0,Circulatory System Development (GO:0072359),1/84,0.6094250210523499,0.7623882733483579,1.596470775263632,0.7906351566497419,ZFPM2
gs_ind_0,Intrinsic Apoptotic Signaling Pathway (GO:0097193),1/84,0.6094250210523499,0.7623882733483579,1.596470775263632,0.7906351566497419,CEBPB
gs_ind_0,Androgen Response,1/84,0.6094250210523499,0.7623882733483579,1.596470775263632,0.7906351566497419,KRT8
gs_ind_0,Estrogen signaling pathway,1/85,0.6137841167995339,0.7647944947422763,1.577472901502854,0.7699834749276379,KRT18
gs_ind_0,Transmembrane Receptor Protein Serine/Threonine Kinase Signaling Pathway (GO:0007178),1/85,0.6137841167995339,0.7647944947422763,1.577472901502854,0.7699834749276379,ACVR1
gs_ind_0,Purine metabolism,1/86,0.6180948449292739,0.7671216652481897,1.55891942244993,0.7500169652646356,PDE3B
gs_ind_0,Osteoclast differentiation,1/86,0.6180948449292739,0.7671216652481897,1.55891942244993,0.7500169652646356,MITF
gs_ind_0,Phosphatidylinositol Biosynthetic Process (GO:0006661),1/87,0.6223577389779952,0.7678598429826738,1.5407949255716404,0.7307069067941109,TTC7B
gs_ind_0,Regulation Of Protein Serine/Threonine Kinase Activity (GO:0071900),1/87,0.6223577389779952,0.7678598429826738,1.5407949255716404,0.7307069067941109,CDKN2C
gs_ind_0,Thyroid hormone signaling pathway,1/87,0.6223577389779952,0.7678598429826738,1.5407949255716404,0.7307069067941109,PLCD3
gs_ind_0,Response To Cytokine (GO:0034097),1/88,0.6265733266314024,0.7700353211830151,1.5230847029077117,0.7120260601995456,IFITM3
gs_ind_0,Negative Regulation Of Cell Growth (GO:0030308),1/88,0.6265733266314024,0.7700353211830151,1.5230847029077117,0.7120260601995456,CDKN2C
gs_ind_0,Apelin signaling pathway,1/89,0.6307421297882629,0.7706343531265157,1.5057747112644368,0.6939485764865838,PDE3B
gs_ind_0,Negative Regulation Of Cell Motility (GO:2000146),1/89,0.6307421297882629,0.7706343531265157,1.5057747112644368,0.6939485764865838,MITF
gs_ind_0,Glycerophospholipid Biosynthetic Process (GO:0046474),1/89,0.6307421297882629,0.7706343531265157,1.5057747112644368,0.6939485764865838,MUC1
gs_ind_0,Actin Filament Organization (GO:0007015),1/90,0.6348646646234899,0.7711702309159607,1.4888515350768774,0.6764499122864758,CASS4
gs_ind_0,Plasma Membrane Bounded Cell Projection Organization (GO:0120036),1/90,0.6348646646234899,0.7711702309159607,1.4888515350768774,0.6764499122864758,MAP1B
gs_ind_0,Fluid shear stress and atherosclerosis,1/90,0.6348646646234899,0.7711702309159607,1.4888515350768774,0.6764499122864758,ACVR1
gs_ind_0,Nitrogen Compound Transport (GO:0071705),1/91,0.638941441650549,0.7716446641472015,1.472302351733242,0.65950675115844,RHCE
gs_ind_0,Protein-Containing Complex Organization (GO:0043933),1/91,0.638941441650549,0.7716446641472015,1.472302351733242,0.65950675115844,MITF
gs_ind_0,Response To Endoplasmic Reticulum Stress (GO:0034976),1/91,0.638941441650549,0.7716446641472015,1.472302351733242,0.65950675115844,CEBPB
gs_ind_0,Regulation Of Cell Adhesion (GO:0030155),1/92,0.6429729657831866,0.7750230758384669,1.4561148991730741,0.6430969304071491,PDE3B
gs_ind_0,Negative Regulation Of Translation (GO:0017148),1/93,0.6469597363964852,0.7783347020248902,1.44027744558718,0.6271993729752297,RIDA
gs_ind_0,Neurotrophin signaling pathway,1/95,0.654800987233811,0.7802941555651486,1.4096080910240203,0.5968617917390566,NTRK1
gs_ind_0,Phagosome,1/95,0.654800987233811,0.7802941555651486,1.4096080910240203,0.5968617917390566,TUBB4A
gs_ind_0,Defense Response To Symbiont (GO:0140546),1/95,0.654800987233811,0.7802941555651486,1.4096080910240203,0.5968617917390566,IFITM3
gs_ind_0,RNA Metabolic Process (GO:0016070),1/95,0.654800987233811,0.7802941555651486,1.4096080910240203,0.5968617917390566,LAGE3
gs_ind_0,Positive Regulation Of Apoptotic Process (GO:0043065),2/199,0.651115161593228,0.7802941555651486,1.1230514968260528,0.4818663051740388,ADAMTSL4;TNFRSF12A
gs_ind_0,UV Response Dn,1/97,0.662469080668705,0.7849633635093335,1.3802100050437893,0.5683447983709196,MAP1B
gs_ind_0,Positive Regulation Of NF-kappaB Transcription Factor Activity (GO:0051092),1/97,0.662469080668705,0.7849633635093335,1.3802100050437893,0.5683447983709196,NTRK1
gs_ind_0,Positive Regulation Of Transferase Activity (GO:0051347),1/97,0.662469080668705,0.7849633635093335,1.3802100050437893,0.5683447983709196,NTRK1
gs_ind_0,Neuron Development (GO:0048666),1/98,0.6662393846496707,0.787944130998104,1.3659632402995234,0.5547261908692231,MAP1B
gs_ind_0,Cushing syndrome,1/100,0.6736548441390631,0.7952166205250594,1.338328812202606,0.528689934213284,CDKN2C
gs_ind_0,Heart Development (GO:0007507),1/103,0.6844720203125654,0.80495960441253,1.2988992013813943,0.49242244351546705,ZFPM2
gs_ind_0,Intracellular Monoatomic Cation Homeostasis (GO:0030003),1/103,0.6844720203125654,0.80495960441253,1.2988992013813943,0.49242244351546705,TESMIN
gs_ind_0,Signaling pathways regulating pluripotency of stem cells,1/104,0.6879979360784803,0.8060871340621,1.2862639476721816,0.4810234094112436,ACVR1
gs_ind_0,cGMP-PKG signaling pathway,1/104,0.6879979360784803,0.8060871340621,1.2862639476721816,0.4810234094112436,PDE3B
gs_ind_0,Organic Substance Transport (GO:0071702),1/105,0.691484680153333,0.8071605560154147,1.2738705170004658,0.46994902795175353,AQP3
gs_ind_0,Unfolded Protein Response,1/105,0.691484680153333,0.8071605560154147,1.2738705170004658,0.46994902795175353,CEBPB
gs_ind_0,Epithelial Mesenchymal Transition,1/107,0.698342379028368,0.807659326021759,1.249781877103328,0.4487289115381195,TNFRSF12A
gs_ind_0,Negative Regulation Of Cell Migration (GO:0030336),1/107,0.698342379028368,0.807659326021759,1.249781877103328,0.4487289115381195,MITF
gs_ind_0,Generation Of Neurons (GO:0048699),1/106,0.6949326851743003,0.807659326021759,1.2617120328817681,0.45918784815562264,MAP1B
gs_ind_0,Negative Regulation Of Protein Metabolic Process (GO:0051248),1/107,0.698342379028368,0.807659326021759,1.249781877103328,0.4487289115381195,RIDA
gs_ind_0,Insulin signaling pathway,1/107,0.698342379028368,0.807659326021759,1.249781877103328,0.4487289115381195,PDE3B
gs_ind_0,Regulation Of Neuron Projection Development (GO:0010975),1/108,0.7017141849041767,0.8085807488437119,1.2380736777114634,0.43856172690845374,NTRK1
gs_ind_0,Negative Regulation Of DNA-binding Transcription Factor Activity (GO:0043433),1/108,0.7017141849041767,0.8085807488437119,1.2380736777114634,0.43856172690845374,HES6
gs_ind_0,Positive Regulation Of Hydrolase Activity (GO:0051345),1/111,0.7116064371463595,0.8160871214943134,1.2042205582028591,0.4097122943434836,NTRK1
gs_ind_0,Apoptosis,1/111,0.7116064371463595,0.8160871214943134,1.2042205582028591,0.4097122943434836,NTRK1
gs_ind_0,Positive Regulation Of Nucleic Acid-Templated Transcription (GO:1903508),4/433,0.7121269786287958,0.8160871214943134,0.9261240285687317,0.3144182211207421,KLF1;CEBPB;MITF;ACVR1
gs_ind_0,Neutrophil extracellular trap formation,1/113,0.7180193837428752,0.821340934408972,1.1826548672566373,0.39176472977329296,CR1L
gs_ind_0,Regulation Of Angiogenesis (GO:0045765),1/114,0.7211724919954376,0.8234478635875179,1.172157030914974,0.3831510921798014,PDE3B
gs_ind_0,Regulation Of DNA Metabolic Process (GO:0051052),1/115,0.7242905472750575,0.8240117095810436,1.1618425628936895,0.3747670260872594,TOM1L1
gs_ind_0,Cell cycle,1/115,0.7242905472750575,0.8240117095810436,1.1618425628936895,0.3747670260872594,CDKN2C
gs_ind_0,cAMP signaling pathway,1/119,0.736419923139805,0.8362960429146429,1.1223255292931555,0.3433808550267056,PDE3B
gs_ind_0,Regulation Of Signal Transduction (GO:0009966),1/120,0.7393684401540996,0.8366187034536479,1.1128596289850778,0.3360378877168587,ACVR1
gs_ind_0,Fatty Acid Metabolism,1/120,0.7393684401540996,0.8366187034536479,1.1128596289850778,0.3360378877168587,REEP6
gs_ind_0,Cellular Response To Oxygen-Containing Compound (GO:1901701),2/241,0.7509209276687256,0.8466397532782042,0.9235053245200499,0.26454264584096254,P2RY1;CIB2
gs_ind_0,Protein Autophosphorylation (GO:0046777),1/124,0.7508381990150474,0.8466397532782042,1.0765289670739135,0.3084956287486553,NTRK1
gs_ind_0,UV Response Up,1/126,0.7563834718382588,0.8504625457155345,1.0592320981560484,0.29574479772274487,AQP3
gs_ind_0,Protein-Containing Complex Assembly (GO:0065003),2/244,0.7570200048646238,0.8504625457155345,0.9118969683991557,0.2538407461889091,FCHO2;MITF
gs_ind_0,Defense Response To Virus (GO:0051607),1/127,0.7591099240954999,0.8512875577356678,1.0507887649095806,0.28960650922897635,IFITM3
gs_ind_0,Protein Transport (GO:0015031),2/247,0.7629905073943518,0.8527043989576548,0.9005723195561652,0.2436135380273451,ARL4A;KRT18
gs_ind_0,Pathways in cancer,3/358,0.7630889684939522,0.8527043989576548,0.8694124315133195,0.23507229918929265,NTRK1;F2RL3;MITF
gs_ind_0,Neuron Projection Development (GO:0031175),1/130,0.7671086046123243,0.855673541201669,1.0262411589845217,0.27208412791063014,MAP1B
gs_ind_0,Positive Regulation Of Transcription By RNA Polymerase II (GO:0045944),6/681,0.7726763852258576,0.8603559750387209,0.8465169333084352,0.21831245563597057,MUC1;CEBPB;ACVR1;MITF;LMO2;ZFPM2
gs_ind_0,Pathogenic Escherichia coli infection,1/133,0.774843202021976,0.8612416475571698,1.00280514276173,0.25581016681277136,TUBB4A
gs_ind_0,Regulation Of Cell Differentiation (GO:0045595),1/134,0.7773642226144981,0.8625171939962982,0.9952272049318882,0.2506442727724887,CEBPB
gs_ind_0,Regulation Of GTPase Activity (GO:0043087),1/135,0.7798571802060892,0.8637571590289665,0.9877619501924532,0.245601554853072,NTRK1
gs_ind_0,Regulation Of Cell Population Proliferation (GO:0042127),4/481,0.785471806792015,0.8684441807489179,0.8303098910428753,0.20049552221813888,BEX4;NTRK1;CDKN2C;S100A11
gs_ind_0,Regulation Of Programmed Cell Death (GO:0043067),1/140,0.7919117738899324,0.8740256485112083,0.9520411076220383,0.22211622668320735,NTRK1
gs_ind_0,Positive Regulation Of GTPase Activity (GO:0043547),1/141,0.7942427569183134,0.8750604409556154,0.94520202815482,0.217742528825142,NTRK1
gs_ind_0,Ras signaling pathway,1/143,0.7988271317458161,0.8785699452475876,0.9318118304611085,0.20929491905011238,NTRK1
gs_ind_0,Negative Regulation Of Multicellular Organismal Process (GO:0051241),1/146,0.8055139798646271,0.8840022758568626,0.9124167502965058,0.19733267810981858,ELAPOR2
gs_ind_0,Negative Regulation Of Programmed Cell Death (GO:0043069),2/272,0.8079893413086611,0.8840022758568626,0.8159688893520626,0.17396979920052316,NTRK1;KRT18
gs_ind_0,Monoatomic Cation Transmembrane Transport (GO:0098655),1/147,0.8076934540520374,0.8840022758568626,0.9061282430759008,0.193524238200408,KCNC3
gs_ind_0,Regulation Of Canonical Wnt Signaling Pathway (GO:0060828),1/149,0.8119798258696698,0.8859165390390249,0.8938053097345132,0.18616157695430463,PLEKHA4
gs_ind_0,Regulation Of Apoptotic Process (GO:0042981),4/502,0.8125603924943923,0.8859165390390249,0.7941933909837621,0.16484678163038033,NTRK1;ADAMTSL4;TNFRSF12A;KRT18
gs_ind_0,Negative Regulation Of Intracellular Signal Transduction (GO:1902532),1/155,0.8242773237925989,0.8971337250290331,0.8587507517827992,0.16595207798868528,PDE3B
gs_ind_0,TNF-alpha Signaling via NF-kB,1/156,0.8262476987649134,0.897722413190944,0.8531713285718351,0.16283685393509012,CEBPB
gs_ind_0,MicroRNAs in cancer,1/158,0.8301227963544274,0.9003749846469438,0.8422250316055626,0.15680683908171628,ZFPM2
gs_ind_0,Apoptotic Process (GO:0006915),1/160,0.8339119669605708,0.9029253711228249,0.8315532499237107,0.15103288584352687,ZNF385A
gs_ind_0,Proteolysis (GO:0006508),1/162,0.8376171049154936,0.9053761478260413,0.8211457848160224,0.14550226902214974,PRSS21
gs_ind_0,Modification-Dependent Protein Catabolic Process (GO:0019941),1/164,0.841240063032339,0.9061728294756585,0.8109929365917026,0.140203007394259,RNF217
gs_ind_0,Cellular Response To Cytokine Stimulus (GO:0071345),1/164,0.841240063032339,0.9061728294756585,0.8109929365917026,0.140203007394259,MT1X
gs_ind_0,Regulation Of Cell Growth (GO:0001558),1/166,0.8447826535099069,0.9084306616510642,0.801085474427185,0.13512381296860754,CDKN2C
gs_ind_0,Positive Regulation Of DNA-binding Transcription Factor Activity (GO:0051091),1/169,0.8499497165296914,0.9124246529583696,0.7866652661432211,0.12789453507916593,NTRK1
gs_ind_0,Negative Regulation Of Signal Transduction (GO:0009968),1/177,0.8629076125640307,0.9200441098305795,0.7506079370252451,0.11067537446190408,ACVR1
gs_ind_0,Positive Regulation Of Cytokine Production (GO:0001819),1/177,0.8629076125640307,0.9200441098305795,0.7506079370252451,0.11067537446190408,CEBPB
gs_ind_0,Human T-cell leukemia virus 1 infection,1/176,0.8613507851849982,0.9200441098305795,0.7549353301565691,0.11267669614737456,CDKN2C
gs_ind_0,Ubiquitin-Dependent Protein Catabolic Process (GO:0006511),2/310,0.8619466290416613,0.9200441098305795,0.7136330189632037,0.10601869539767086,TOM1L1;RNF217
gs_ind_0,Vesicle-Mediated Transport (GO:0016192),2/314,0.8667414631447237,0.9225654895845533,0.7043086053412463,0.10072637384228016,ARL4A;SPTBN2
gs_ind_0,Protein Polyubiquitination (GO:0000209),1/188,0.878927082960215,0.9244492195854093,0.7060530973451328,0.09111850991917525,RNF217
gs_ind_0,G2-M Checkpoint,1/189,0.8802876326625394,0.9244492195854093,0.7022605103166593,0.08954282864803181,CDKN2C
gs_ind_0,Shigellosis,1/183,0.8718902900310883,0.9244492195854093,0.725639471451085,0.09947913216412772,PLCD3
gs_ind_0,Parkinson disease,1/189,0.8802876326625394,0.9244492195854093,0.7022605103166593,0.08954282864803181,TUBB4A
gs_ind_0,Negative Regulation Of Apoptotic Process (GO:0043066),2/322,0.8758781825215237,0.9244492195854093,0.6863580181189444,0.09096183303009507,NTRK1;KRT18
gs_ind_0,E2F Targets,1/189,0.8802876326625394,0.9244492195854093,0.7022605103166593,0.08954282864803181,CDKN2C
gs_ind_0,Oxidative Phosphorylation,1/187,0.8775511623841896,0.9244492195854093,0.7098863555481744,0.09272537040697224,NQO2
gs_ind_0,Negative Regulation Of Transcription By RNA Polymerase II (GO:0000122),4/563,0.8758109350378405,0.9244492195854093,0.7046590826751684,0.09344134508505339,ZFPM2;MITF;GFI1B;CEBPB
gs_ind_0,Prion disease,1/195,0.8881375714236835,0.9311358845643961,0.6803239529540233,0.08070589523966283,TUBB4A
gs_ind_0,Phosphorylation (GO:0016310),2/336,0.8904974817071336,0.931528268684196,0.6570105520884619,0.07619680154462345,NTRK1;ACVR1
gs_ind_0,Positive Regulation Of Intracellular Signal Transduction (GO:1902533),2/337,0.89147848643185,0.931528268684196,0.6550080264630053,0.07524337490142155,NTRK1;CASS4
gs_ind_0,Salmonella infection,1/202,0.8966511899901383,0.9338257832733116,0.6563824414238345,0.07160368107289068,TUBB4A
gs_ind_0,Positive Regulation Of Macromolecule Metabolic Process (GO:0010604),1/202,0.8966511899901383,0.9338257832733116,0.6563824414238345,0.07160368107289068,MITF
gs_ind_0,Pathways of neurodegeneration,2/345,0.8990391872255101,0.9347625986384442,0.6394075648218936,0.06805128754649932,SPTBN2;TUBB4A
gs_ind_0,MAPK signaling pathway,1/206,0.9012235797595248,0.9354849720479035,0.6434338866998256,0.06691835055029373,NTRK1
gs_ind_0,PI3K-Akt signaling pathway,1/211,0.9066572315751724,0.9380242857153349,0.6279402181909907,0.061532373604412174,NTRK1
gs_ind_0,Regulation Of Intracellular Signal Transduction (GO:1902531),1/210,0.9055948138842097,0.9380242857153349,0.6309797875261368,0.06257003687127019,NTRK1
gs_ind_0,Protein Phosphorylation (GO:0006468),2/372,0.9210976659711522,0.9513969312991506,0.5917298381768161,0.04863380494453233,NTRK1;ACVR1
gs_ind_0,Human papillomavirus infection,1/228,0.9230032151899504,0.9517997030201788,0.5803559272585821,0.04649960322563349,HES6
gs_ind_0,Huntington disease,1/232,0.9264155019327049,0.9537523528094077,0.5701752709340775,0.043579886491620395,TUBB4A
gs_ind_0,Negative Regulation Of DNA-templated Transcription (GO:0045892),5/761,0.9293857392165216,0.9552442622389126,0.6321667402152144,0.04629445954375798,MUC1;CEBPB;MITF;GFI1B;ZFPM2
gs_ind_0,Regulation Of Gene Expression (GO:0010468),5/774,0.935513609342144,0.9599714814818079,0.6209254253458419,0.041390631608600015,TESMIN;KLF1;CEBPB;HES6;MITF
gs_ind_0,Negative Regulation Of Gene Expression (GO:0010629),1/249,0.9393178274761248,0.9623027661582486,0.5305639144602126,0.03321403461770577,RIDA
gs_ind_0,Protein Localization (GO:0008104),1/272,0.95326583411546,0.9702608489862381,0.4848677455629981,0.02320648292170076,ARL4A
gs_ind_0,Intracellular Protein Transport (GO:0006886),1/270,0.9521915568693252,0.9702608489862381,0.4885316958641864,0.023932703300553866,ARL4A
gs_ind_0,Positive Regulation Of DNA-templated Transcription (GO:0045893),6/927,0.9492377275794175,0.9702608489862381,0.609985701256871,0.03177782027633668,KLF1;CEBPB;ACVR1;MITF;LMO2;ZFPM2
gs_ind_0,Alzheimer disease,1/270,0.9521915568693252,0.9702608489862381,0.4885316958641864,0.023932703300553866,TUBB4A
gs_ind_0,Amyotrophic lateral sclerosis,1/279,0.95684026875095,0.972323120996111,0.47245833399532894,0.02084429935996813,TUBB4A
gs_ind_0,Positive Regulation Of Gene Expression (GO:0010628),1/297,0.9648320774784093,0.977281523639421,0.44323896789983436,0.01586848949103416,MITF
gs_ind_0,Positive Regulation Of Cell Population Proliferation (GO:0008284),1/296,0.9644294817323709,0.977281523639421,0.4447688783073537,0.016108889691498558,ZFPM2
gs_ind_0,Organelle Organization (GO:0006996),1/323,0.9738482992175175,0.9848256552473447,0.40679152088907183,0.01077986862653612,REEP6
gs_ind_0,DNA Damage Response (GO:0006974),1/332,0.9763997782792592,0.9855554669074069,0.3955071477195371,0.009445963473511945,ZNF385A
gs_ind_0,Protein Ubiquitination (GO:0016567),1/337,0.9777086877122843,0.9855554669074069,0.3894988757248616,0.00878067516628014,RNF217
gs_ind_0,Negative Regulation Of Nucleic Acid-Templated Transcription (GO:1903507),1/351,0.981002077880226,0.9872905527384326,0.3735876686907452,0.007165673480437401,ZFPM2
gs_ind_0,Protein Modification Process (GO:0036211),2/538,0.9839313854644219,0.9872975885491473,0.40405032065729907,0.006545257440506978,NTRK1;ACVR1
gs_ind_0,Herpes simplex virus 1 infection,1/369,0.9845352282813862,0.9872975885491473,0.35490688152159555,0.005531436205198514,ZNF888
gs_ind_0,Positive Regulation Of Cellular Process (GO:0048522),1/376,0.9857254586310753,0.9872975885491473,0.34812580276445565,0.0050051448472820505,MAP1A
gs_ind_0,Regulation Of DNA-templated Transcription (GO:0006355),8/1404,0.9903268003200738,0.9903268003200738,0.5150425514335288,0.00500636244288,TESMIN;KLF1;HES6;CEBPB;ACVR1;MITF;GFI1B;ZFPM2
